0.5009718073561328
0.5009716716387238
0.5009715292381474
0.500971380125786
0.5009712242723979
0.5009710616480713
0.5009708922221811
0.5009707159633455
0.5009705328393833
0.5009703428172706
0.5009701458630987
0.5009699419420318
0.5009697310182646
0.5009695130549789
0.5009692880143024
0.5009690558572649
0.5009688165437549
0.5009685700324765
0.5009683162809045
0.5009680552452407
0.500967786880368
0.500967511139805
0.500967227975659
0.5009669373385796
0.50096663917771
0.5009663334406395
0.5009660200733528
0.5009656990201815
0.5009653702237525
0.5009650336249372
0.5009646891627998
0.5009643367745445
0.5009639763954646
0.5009636079588879
0.500963231396126
0.5009628466364208
0.5009624536068943
0.5009620522324971
0.5009616424359609
0.5009612241377502
0.5009607972560194
0.5009603617065722
0.5009599174028257
0.50095946425578
0.5009590021739954
0.5009585310635775
0.5009580508281738
0.500957561368982
0.5009570625847742
0.5009565543719406
0.5009560366245547
0.5009555092344649
0.5009549720914197
0.5009544250832308
0.5009538680959822
0.5009533010142937
0.5009527237216507
0.5009521361008117
0.5009515380343093
0.5009509294050617
0.5009503100971169
0.5009496799965558
0.5009490389925826
0.5009483869788413
0.5009477238550011
0.5009470495286628
0.5009463639176495
0.5009456669527552
0.5009449585810426
0.5009442387697948
0.5009435075112481
0.5009427648282549
0.5009420107810565
0.5009412454753664
0.5009404690720081
0.5009396817983777
0.5009388839620327
0.5009380759667431
0.5009372583313394
0.5009364317116842
0.5009355969260324
0.5009347549838936
0.5009339071182614
0.5009330548206206
0.5009321998774263
0.5009313444056631
0.5009304908834873
0.5009296421697315
0.5009288015031341
0.5009279724686441
0.5009271589144783
0.5009263648008548
0.5009255939614423
0.5009248497647089
0.500924134678465
0.500923449770192
0.5009227942174025
0.5009221649463999
0.5009215565428368
0.5009206663186037
