0.5523566573967645
0.5522209399877571
0.552078539411219
0.5519294270499824
0.5517735736618765
0.5516109493352352
0.5514415234450325
0.5512652646095252
0.551082140647292
0.550892118534557
0.5506951643626988
0.5504912432958456
0.5502803195284632
0.5500623562428524
0.5498373155664663
0.5496051585289764
0.5493658450190083
0.5491193337404819
0.5488655821684917
0.5486045465046699
0.5483361816319802
0.5480604410688973
0.5477772769229365
0.5474866398434992
0.5471884789740211
0.5468827419034086
0.5465693746167689
0.5462483214454533
0.5459195250164449
0.5455829262011462
0.5452384640636444
0.5448860758085547
0.5445256967285775
0.5441572601519375
0.5437806973899191
0.5433959376847566
0.5430029081582038
0.5426015337611662
0.5421917372248679
0.5417734390141152
0.5413465572833304
0.5409110078361608
0.5404667040896221
0.5400135570439164
0.5395514752592789
0.5390803648414629
0.5386001294377677
0.5381106702458739
0.5376118860381656
0.5371036732047181
0.5365859258187221
0.5360585357288146
0.5355213926836232
0.534974384494828
0.5344173972462242
0.5338503155576915
0.5332730229146652
0.5326854020757222
0.5320873355733222
0.5314787063256395
0.5308593983808992
0.5302292978197934
0.5295882938465557
0.5289362801052566
0.5282731562650647
0.5275988299268058
0.5269132189134156
0.5262162540191105
0.5255078823066126
0.5247880710589016
0.5240568125120439
0.5233141295189425
0.5225600823204748
0.5217947766303218
0.5210183732721794
0.5202310996416009
0.5194332632966623
0.5186252680071806
0.5178076326033243
0.5169810129483013
0.5161462272964622
0.515304285157509
0.5144564195254218
0.5136041218845777
0.5127491786902357
0.5118937069270998
0.5110401847512943
0.5101914709953969
0.509350804398211
0.5085217699081054
0.5077082157422262
0.5069141021188965
0.5061432627062934
0.5053990659728743
0.5046839797289318
0.5039990714560405
0.5033435186665003
0.5027142476637595
0.5021058441007452
0.5012156198676448
