0.5060433418566387
0.5060420446135709
0.5060407407251262
0.5060394301885449
0.5060381130010616
0.5060367891599064
0.5060354586623029
0.5060341215054706
0.5060327776866227
0.5060314272029676
0.5060300700517074
0.5060287062300397
0.5060273357351553
0.5060259585642406
0.5060245747144754
0.5060231841830338
0.506021786967085
0.5060203830637913
0.5060189724703097
0.5060175551837913
0.5060161312013811
0.5060147005202182
0.5060132631374354
0.5060118190501599
0.506010368255512
0.5060089107506067
0.506007446532552
0.5060059755984502
0.506004497945397
0.5060030135704817
0.5060015224707874
0.5060000246433903
0.5059985200853611
0.5059970087937625
0.5059954907656519
0.5059939659980793
0.5059924344880886
0.5059908962327162
0.5059893512289927
0.5059877994739411
0.505986240964578
0.5059846756979129
0.5059831036709487
0.5059815248806804
0.5059799393240973
0.5059783469981806
0.5059767478999047
0.5059751420262371
0.5059735293741375
0.5059719099405593
0.5059702837224476
0.5059686507167408
0.5059670109203698
0.5059653643302577
0.5059637109433208
0.5059620507564676
0.5059603837665989
0.505958709970608
0.5059570293653806
0.5059553419477949
0.5059536477147208
0.5059519466630211
0.5059502387895508
0.5059485240911565
0.5059468025646771
0.505945074206944
0.5059433390147799
0.5059415969850001
0.5059398481144117
0.5059380923998136
0.5059363298379962
0.5059345604257426
0.5059327841598267
0.5059310010370147
0.5059292110540644
0.5059274142077252
0.5059256104947382
0.5059237999118358
0.505921982455742
0.5059201581231724
0.5059183269108338
0.5059164888154249
0.5059146438336352
0.5059127919621456
0.5059109331976281
0.5059090675367466
0.5059071949761557
0.5059053155125008
0.505903429142419
0.5059015358625381
0.5058996356694772
0.5058977285598458
0.505895814530245
0.5058938935772662
0.505891965697492
0.5058900308874957
0.5058880891438413
0.5058861404630834
0.5058841848417677
0.5058822222764299
0.5058802527635966
0.5058782762997852
0.505876292881503
0.5058743025052483
0.5058723051675095
0.5058703008647656
0.5058682895934855
0.5058662713501288
0.5058642461311453
0.5058622139329749
0.5058601747520475
0.5058581285847833
0.5058560754275926
0.5058540152768757
0.5058519481290227
0.5058498739804139
0.5058477928274195
0.5058457046663992
0.5058436094937031
0.5058415073056705
0.5058393980986304
0.5058372818689024
0.5058351586127947
0.5058330283266055
0.5058308910066227
0.5058287466491235
0.5058265952503747
0.5058244368066324
0.5058222713141421
0.5058200987691391
0.5058179191678472
0.50581573250648
0.5058135387812405
0.50581133798832
0.5058091301238999
0.5058069151841502
0.50580469316523
0.5058024640632875
0.5058002278744598
0.5057979845948728
0.5057957342206415
0.5057934767478695
0.5057912121726492
0.505788940491062
0.505786661699178
0.5057843757930556
0.5057820827687418
0.5057797826222727
0.5057774753496725
0.505775160946954
0.5057728394101184
0.5057705107351551
0.5057681749180424
0.5057658319547466
0.5057634818412218
0.505761124573411
0.5057587601472454
0.5057563885586437
0.5057540098035131
0.505751623877749
0.5057492307772344
0.5057468304978405
0.5057444230354265
0.5057420083858393
0.5057395865449134
0.5057371575084716
0.505734721272324
0.5057322778322688
0.5057298271840914
0.5057273693235651
0.5057249042464506
0.5057224319484963
0.5057199524254379
0.5057174656729986
0.5057149716868889
0.5057124704628068
0.5057099619964373
0.5057074462834529
0.5057049233195133
0.5057023931002652
0.5056998556213426
0.5056973108783661
0.5056947588669441
0.5056921995826714
0.5056896330211298
0.5056870591778881
0.5056844780485018
0.5056818896285136
0.5056792939134522
0.5056766908988337
0.5056740805801606
0.5056714629529219
0.5056688380125933
0.5056662057546369
0.5056635661745016
0.5056609192676221
0.5056582650294202
0.5056556034553035
0.5056529345406662
0.5056502582808885
0.5056475746713369
0.5056448837073642
0.5056421853843093
0.5056394796974966
0.5056367666422371
0.5056340462138278
0.5056313184075513
0.5056285832186761
0.5056258406424567
0.5056230906741332
0.5056203333089314
0.5056175685420632
0.5056147963687254
0.5056120167841013
0.505609229783359
0.5056064353616521
0.5056036335141202
0.5056008242358879
0.5055980075220651
0.5055951833677474
0.5055923517680152
0.5055895127179342
0.5055866662125555
0.5055838122469153
0.5055809508160344
0.5055780819149193
0.5055752055385605
0.5055723216819347
0.5055694303400026
0.5055665315077096
0.5055636251799865
0.5055607113517484
0.5055577900178952
0.5055548611733115
0.5055519248128663
0.5055489809314132
0.5055460295237904
0.5055430705848203
0.5055401041093101
0.5055371300920508
0.5055341485278179
0.5055311594113714
0.5055281627374552
0.5055251585007973
0.50552214669611
0.5055191273180895
0.5055161003614159
0.5055130658207534
0.5055100236907503
0.5055069739660381
0.5055039166412327
0.5055008517109335
0.5054977791697236
0.5054946990121697
0.5054916112328222
0.5054885158262149
0.5054854127868653
0.5054823021092741
0.5054791837879256
0.505476057817287
0.5054729241918094
0.505469782905927
0.5054666339540568
0.5054634773305993
0.505460313029938
0.5054571410464391
0.5054539613744524
0.5054507740083104
0.5054475789423281
0.5054443761708037
0.5054411656880183
0.5054379474882355
0.5054347215657015
0.5054314879146452
0.5054282465292782
0.5054249974037948
0.505421740532371
0.505418475909166
0.5054152035283214
0.5054119233839602
0.5054086354701889
0.5054053397810953
0.5054020363107495
0.505398725053204
0.5053954060024936
0.5053920791526343
0.5053887444976246
0.5053854020314449
0.5053820517480572
0.5053786936414055
0.5053753277054156
0.5053719539339947
0.5053685723210321
0.5053651828603981
0.5053617855459451
0.5053583803715067
0.5053549673308979
0.505351546417915
0.5053481176263362
0.5053446809499204
0.5053412363824076
0.5053377839175196
0.5053343235489589
0.505330855270409
0.5053273790755348
0.5053238949579818
0.5053204029113764
0.505316902929326
0.5053133950054191
0.5053098791332242
0.5053063553062912
0.5053028235181504
0.5052992837623126
0.5052957360322692
0.505292180321492
0.5052886166234335
0.5052850449315265
0.5052814652391838
0.505277877539799
0.5052742818267453
0.5052706780933768
0.5052670663330271
0.5052634465390102
0.5052598187046201
0.5052561828231307
0.5052525388877955
0.5052488868918484
0.5052452268285029
0.5052415586909523
0.5052378824723691
0.5052341981659064
0.505230505764696
0.5052268052618497
0.5052230966504588
0.5052193799235938
0.5052156550743048
0.505211922095621
0.5052081809805514
0.5052044317220835
0.5052006743131846
0.5051969087468008
0.5051931350158574
0.5051893531132585
0.5051855630318878
0.5051817647646071
0.5051779583042576
0.505174143643659
0.5051703207756101
0.5051664896928885
0.5051626503882499
0.505158802854429
0.5051549470841392
0.5051510830700721
0.5051472108048978
0.5051433302812651
0.5051394414918008
0.5051355444291105
0.5051316390857774
0.5051277254543636
0.5051238035274087
0.5051198732974311
0.5051159347569268
0.50511198789837
0.5051080327142126
0.5051040691968849
0.5051000973387946
0.5050961171323276
0.5050921285698475
0.5050881316436954
0.5050841263461902
0.5050801126696285
0.5050760906062844
0.5050720601484099
0.5050680212882338
0.505063974017963
0.5050599183297814
0.5050558542158503
0.5050517816683087
0.5050477006792723
0.5050436112408345
0.5050395133450655
0.5050354069840127
0.505031292149701
0.5050271688341319
0.5050230370292839
0.5050188967271125
0.5050147479195504
0.5050105905985069
0.5050064247558683
0.5050022503834974
0.5049980674732339
0.5049938760168944
0.504989676006272
0.5049854674331362
0.5049812502892335
0.5049770245662866
0.5049727902559948
0.5049685473500343
0.5049642958400569
0.5049600357176914
0.5049557669745428
0.5049514896021925
0.504947203592198
0.5049429089360933
0.5049386056253881
0.5049342936515687
0.5049299730060979
0.5049256436804137
0.5049213056659309
0.5049169589540399
0.5049126035361076
0.5049082394034762
0.5049038665474647
0.5048994849593671
0.5048950946304541
0.504890695551972
0.5048862877151424
0.5048818711111636
0.504877445731209
0.5048730115664281
0.5048685686079459
0.5048641168468635
0.5048596562742571
0.5048551868811793
0.5048507086586576
0.5048462215976954
0.5048417256892719
0.5048372209243416
0.5048327072938348
0.5048281847886572
0.50482365339969
0.50481911311779
0.5048145639337893
0.5048100058384958
0.5048054388226925
0.5048008628771382
0.5047962779925669
0.5047916841596883
0.504787081369187
0.5047824696117238
0.5047778488779342
0.5047732191584294
0.5047685804437962
0.5047639327245963
0.5047592759913673
0.5047546102346216
0.5047499354448479
0.5047452516125094
0.5047405587280451
0.5047358567818695
0.5047311457643724
0.5047264256659187
0.5047216964768493
0.5047169581874802
0.5047122107881028
0.5047074542689841
0.5047026886203665
0.5046979138324679
0.5046931298954818
0.504688336799577
0.5046835345348982
0.5046787230915653
0.5046739024596738
0.5046690726292952
0.5046642335904762
0.5046593853332395
0.5046545278475832
0.5046496611234814
0.504644785150884
0.5046398999197164
0.5046350054198798
0.504630101641252
0.5046251885736857
0.5046202662070105
0.5046153345310312
0.5046103935355293
0.5046054432102622
0.5046004835449633
0.5045955145293425
0.5045905361530858
0.5045855484058556
0.5045805512772904
0.5045755447570058
0.5045705288345936
0.5045655034996219
0.504560468741636
0.5045554245501573
0.504550370914685
0.5045453078246943
0.5045402352696376
0.5045351532389449
0.5045300617220226
0.5045249607082548
0.504519850187003
0.5045147301476056
0.5045096005793793
0.504504461471618
0.5044993128135935
0.5044941545945553
0.5044889868037309
0.5044838094303262
0.5044786224635249
0.5044734258924894
0.5044682197063602
0.5044630038942567
0.5044577784452767
0.5044525433484973
0.5044472985929743
0.5044420441677427
0.5044367800618168
0.5044315062641905
0.5044262227638371
0.5044209295497096
0.5044156266107414
0.5044103139358456
0.5044049915139154
0.504399659333825
0.504394317384429
0.5043889656545628
0.504383604133043
0.5043782328086669
0.5043728516702138
0.5043674607064443
0.5043620599061013
0.5043566492579089
0.5043512287505744
0.5043457983727871
0.5043403581132191
0.5043349079605257
0.5043294479033451
0.5043239779302991
0.5043184980299934
0.5043130081910174
0.5043075084019453
0.5043019986513351
0.5042964789277299
0.5042909492196583
0.5042854095156339
0.5042798598041561
0.5042743000737099
0.5042687303127673
0.5042631505097867
0.5042575606532129
0.5042519607314788
0.5042463507330046
0.5042407306461985
0.5042351004594569
0.504229460161165
0.5042238097396969
0.5042181491834167
0.5042124784806777
0.5042067976198238
0.5042011065891894
0.5041954053771002
0.5041896939718729
0.5041839723618163
0.504178240535232
0.5041724984804138
0.5041667461856489
0.5041609836392185
0.5041552108293975
0.5041494277444558
0.5041436343726587
0.5041378307022667
0.5041320167215366
0.5041261924187223
0.5041203577820745
0.504114512799842
0.504108657460272
0.5041027917516104
0.5040969156621031
0.5040910291799956
0.5040851322935341
0.5040792249909669
0.5040733072605433
0.5040673790905162
0.504061440469141
0.5040554913846776
0.5040495318253901
0.5040435617795481
0.5040375812354276
0.5040315901813108
0.5040255886054876
0.5040195764962566
0.5040135538419248
0.5040075206308092
0.5040014768512379
0.5039954224915495
0.5039893575400957
0.5039832819852408
0.5039771958153634
0.5039710990188566
0.5039649915841296
0.5039588734996079
0.503952744753735
0.5039466053349723
0.5039404552318011
0.5039342944327235
0.5039281229262623
0.5039219407009636
0.5039157477453965
0.5039095440481547
0.5039033295978581
0.5038971043831529
0.5038908683927136
0.5038846216152433
0.5038783640394757
0.5038720956541759
0.5038658164481417
0.503859526410204
0.5038532255292304
0.5038469137941232
0.5038405911938236
0.5038342577173116
0.503827913353607
0.503821558091772
0.503815191920912
0.5038088148301768
0.5038024268087623
0.5037960278459122
0.5037896179309188
0.5037831970531258
0.5037767652019283
0.5037703223667758
0.5037638685371731
0.503757403702682
0.5037509278529231
0.5037444409775775
0.5037379430663889
0.5037314341091649
0.5037249140957786
0.5037183830161717
0.5037118408603548
0.5037052876184105
0.5036987232804946
0.5036921478368387
0.5036855612777522
0.5036789635936236
0.5036723547749237
0.5036657348122067
0.5036591036961131
0.5036524614173724
0.5036458079668035
0.5036391433353193
0.5036324675139275
0.5036257804937333
0.5036190822659427
0.5036123728218636
0.5036056521529094
0.5035989202506015
0.5035921771065711
0.503585422712563
0.5035786570604375
0.5035718801421735
0.5035650919498714
0.5035582924757557
0.5035514817121786
0.5035446596516214
0.5035378262867001
0.5035309816101659
0.5035241256149101
0.5035172582939664
0.5035103796405146
0.5035034896478842
0.5034965883095567
0.5034896756191701
0.5034827515705224
0.5034758161575742
0.503468869374454
0.5034619112154598
0.503454941675065
0.5034479607479203
0.5034409684288598
0.5034339647129026
0.5034269495952588
0.5034199230713327
0.5034128851367272
0.5034058357872482
0.5033987750189084
0.5033917028279331
0.5033846192107632
0.5033775241640606
0.5033704176847129
0.5033632997698381
0.5033561704167889
0.5033490296231592
0.5033418773867872
0.5033347137057619
0.5033275385784279
0.5033203520033904
0.5033131539795218
0.5033059445059654
0.5032987235821424
0.5032914912077575
0.5032842473828042
0.503276992107571
0.5032697253826477
0.5032624472089305
0.5032551575876302
0.5032478565202766
0.5032405440087261
0.5032332200551678
0.5032258846621307
0.5032185378324902
0.5032111795694749
0.5032038098766745
0.5031964287580458
0.5031890362179211
0.5031816322610153
0.5031742168924334
0.5031667901176782
0.5031593519426586
0.5031519023736972
0.5031444414175388
0.5031369690813584
0.5031294853727699
0.5031219902998344
0.5031144838710697
0.5031069660954586
0.5030994369824575
0.503091896542007
0.5030843447845406
0.5030767817209935
0.5030692073628137
0.5030616217219711
0.5030540248109681
0.5030464166428489
0.5030387972312113
0.5030311665902159
0.5030235247345984
0.5030158716796795
0.5030082074413761
0.5030005320362138
0.5029928454813367
0.5029851477945214
0.5029774389941869
0.5029697190994078
0.502961988129927
0.5029542461061677
0.5029464930492464
0.5029387289809862
0.5029309539239302
0.5029231679013539
0.5029153709372803
0.5029075630564936
0.502899744284553
0.5028919146478068
0.5028840741734084
0.5028762228893299
0.502868360824378
0.5028604880082096
0.5028526044713468
0.5028447102451936
0.5028368053620513
0.5028288898551361
0.5028209637585951
0.5028130271075232
0.5028050799379811
0.5027971222870125
0.5027891541926619
0.5027811756939931
0.5027731868311074
0.5027651876451623
0.5027571781783911
0.5027491584741216
0.5027411285767962
0.5027330885319917
0.5027250383864398
0.5027169781880473
0.5027089079859176
0.5027008278303714
0.5026927377729685
0.5026846378665303
0.5026765281651606
0.5026684087242697
0.5026602796005963
0.5026521408522312
0.5026439925386409
0.5026358347206908
0.502627667460671
0.5026194908223193
0.5026113048708467
0.5026031096729635
0.5025949052969039
0.5025866918124525
0.5025784692909709
0.5025702378054239
0.5025619974304067
0.5025537482421731
0.5025454903186621
0.5025372237395274
0.5025289485861644
0.5025206649417403
0.502512372891223
0.5025040725214107
0.5024957639209615
0.502487447180424
0.5024791223922681
0.5024707896509156
0.502462449052772
0.5024541006962575
0.5024457446818398
0.5024373811120659
0.5024290100915951
0.5024206317272313
0.5024122461279573
0.5024038534049682
0.502395453671704
0.5023870470438861
0.5023786336395496
0.5023702135790794
0.5023617869852448
0.5023533539832347
0.5023449147006929
0.502336469267755
0.5023280178170825
0.5023195604839007
0.5023110974060339
0.5023026287239426
0.5022941545807595
0.5022856751223274
0.5022771904972343
0.5022687008568522
0.5022602063553735
0.5022517071498472
0.5022432034002182
0.5022346952693618
0.5022261829231225
0.5022176665303507
0.5022091462629396
0.5022006222958613
0.5021920948072044
0.5021835639782101
0.502175029993308
0.5021664930401526
0.5021579533096585
0.5021494109960357
0.5021408662968248
0.5021323194129305
0.5021237705486564
0.5021152199117379
0.5021066677133746
0.5020981141682631
0.5020895594946276
0.50208100391425
0.5020724476525011
0.5020638909383676
0.5020553340044808
0.5020467770871427
0.5020382204263523
0.5020296642658285
0.5020211088530344
0.5020125544391981
0.502004001279333
0.501995449632256
0.5019868997606045
0.5019783519308518
0.5019698064133199
0.5019612634821901
0.5019527234155129
0.501944186495215
0.501935653007103
0.5019271232408661
0.5019185974900753
0.5019100760521805
0.5019015592285041
0.5018930473242326
0.5018845406484036
0.5018760395138915
0.5018675442373877
0.5018590551393787
0.50185057254412
0.5018420967796065
0.5018336281775375
0.5018251670732798
0.5018167138058238
0.5018082687177371
0.5017998321551126
0.5017914044675107
0.5017829860078991
0.5017745771325832
0.5017661782011354
0.5017577895763154
0.5017494116239865
0.5017410447130239
0.5017326892152196
0.5017243455051781
0.501716013960206
0.5017076949601964
0.5016993888875034
0.5016910961268117
0.5016828170649972
0.50167455209098
0.5016663015955706
0.5016580659713064
0.5016498456122803
0.5016416409139616
0.5016334522730064
0.5016252800870613
0.501617124754556
0.5016089866744869
0.5016008662461926
0.5015927638691176
0.5015846799425678
0.5015766148654557
0.5015685690360348
0.5015605428516241
0.5015525367083228
0.5015445510007134
0.5015365861215554
0.501528642461468
0.5015207204086013
0.501512820348298
0.5015049426627439
0.5014970877306076
0.5014892559266694
0.5014814476214399
0.5014736631807685
0.5014659029654402
0.5014581673307635
0.5014504566261475
0.5014427711946688
0.5014351113726305
0.5014274774891093
0.5014198698654956
0.5014122888150242
0.5014047346422963
0.5013972076427949
0.5013897081023917
0.5013822362968475
0.501374792491307
0.5013673769397869
0.50135998988466
0.5013526315561351
0.5013453021717322
0.5013380019357573
0.5013307310387735
0.5013234896570722
0.5013162779521447
0.5013090960701539
0.5013019441414104
0.5012948222798497
0.5012877305825155
0.5012806691290488
0.5012736379811836
0.5012666371822513
0.5012596667566952
0.5012527267095964
0.5012458170262115
0.5012389376715254
0.5012320885898203
0.5012252697042602
0.5012184809164958
0.5012117221062893
0.5012049931311614
0.5011982938260612
0.5011916240030624
0.5011849834510852
0.5011783719356481
0.5011717891986474
0.5011652349581703
0.5011587089083404
0.5011522107191965
0.5011457400366093
0.5011392964822334
0.5011328796534991
0.5011264891236429
0.5011201244417802
0.5011137851330185
0.5011074706986138
0.501101180616171
0.5010949143398885
0.5010886713008478
0.5010824509073474
0.5010762525452844
0.5010700755785806
0.5010639193496541
0.5010577831799377
0.5010516663704428
0.5010455682023676
0.5010394879377492
0.5010334248201613
0.5010273780754522
0.5010213469125266
0.5010153305241649
0.5010093280878847
0.5010033387668359
0.5009973617107339
0.5009913960568254
0.5009854409308845
0.5009794954482402
0.5009735587148287
0.5009676298282717
0.5009617078789759
0.5009557919512525
0.5009498811244553
0.5009439744741361
0.5009380710732323
0.5009321699933694
0.5009233206903969
