51.93720669802858
51.80148928902123
51.65908871248315
51.50997635124647
51.35412296314057
51.19149863649936
51.02207274629654
50.84581391078929
50.66268994855603
50.47266783582108
50.27571366396302
50.07179259710969
49.86086882972739
49.64290554411645
49.41786486773039
49.1857078302405
48.94639432027241
48.69988304174601
48.44613146975585
48.18509580593404
47.91673093324423
47.6409903701615
47.35782622420059
47.06718914476328
46.76902827528522
46.46329120467256
46.14992391803293
45.82887074671746
45.50007431770899
45.16347550241029
44.81901336490848
44.46662510981884
44.10624602984164
43.73780945320172
43.36124669118314
42.97648698602069
42.58345745946789
42.18208306243024
41.77228652613196
41.35398831537931
40.92710658459448
40.49155713742482
40.04725339088611
39.59410634518041
39.13202456054305
38.66091414272706
38.18067873903183
37.69121954713803
37.19243533942966
36.68422250598217
36.16647511998621
35.63908503007859
35.10194198488732
34.55493379609216
33.99794654748821
33.43086485895559
32.85357221592935
32.26595137698633
31.66788487458621
31.05925562690355
30.43994768216325
29.80984712105752
29.16884314781977
28.51682940652061
27.85370556632872
27.17937922806984
26.49376821467971
25.79680332037462
25.0884316078767
24.36862036016564
23.63736181330808
22.8946788202065
22.14063162173887
21.37532593158588
20.59892257344344
19.81164894286491
19.01381259792635
18.20581730844476
17.38818190458841
16.56156224956535
15.72677659772619
14.88483445877308
14.03696882668585
13.18467118584182
12.32972799149985
11.47425622836399
10.6207340525584
9.772020296660962
8.931353699475165
8.102319209369576
7.288765043490291
6.494651420160536
5.723812007557386
4.979615274138382
4.264529030195852
3.579620757304504
2.92406796776437
2.294796965023585
1.686393402009223
0.7961691689089315
