2.550984268796917e-07
2.550986755729916e-07
2.550989162884035e-07
2.550991490261011e-07
2.550993737862405e-07
2.550995905689604e-07
2.550997993743815e-07
2.551000002026071e-07
2.551001930537227e-07
2.551003779277962e-07
2.55100554824878e-07
2.551007237450006e-07
2.551008846881789e-07
2.551010376544102e-07
2.551011826436742e-07
2.551013196559328e-07
2.551014486911302e-07
2.551015697491931e-07
2.551016828300305e-07
2.551017879335337e-07
2.551018850595762e-07
2.551019742080138e-07
2.551020553786851e-07
2.551021285714104e-07
2.551021937859927e-07
2.55102251022217e-07
2.55102300279851e-07
2.551023415586444e-07
2.551023748583292e-07
2.551024001786199e-07
2.551024175192131e-07
2.551024268797878e-07
2.551024282600051e-07
2.551024216595086e-07
2.551024070779242e-07
2.551023845148596e-07
2.551023539699054e-07
2.55102315442634e-07
2.551022689326002e-07
2.551022144393411e-07
2.551021519623759e-07
2.551020815012061e-07
2.551020030553154e-07
2.551019166241698e-07
2.551018222072174e-07
2.551017198038886e-07
2.551016094135958e-07
2.551014910357339e-07
2.551013646696798e-07
2.551012303147924e-07
2.551010879704132e-07
2.551009376358654e-07
2.551007793104546e-07
2.551006129934686e-07
2.551004386841772e-07
2.551002563818323e-07
2.551000660856679e-07
2.550998677949004e-07
2.550996615087279e-07
2.550994472263307e-07
2.550992249468715e-07
2.550989946694945e-07
2.550987563933265e-07
2.550985101174761e-07
2.550982558410338e-07
2.550979935630724e-07
2.550977232826466e-07
2.550974449987931e-07
2.550971587105306e-07
2.550968644168598e-07
2.550965621167634e-07
2.550962518092059e-07
2.550959334931342e-07
2.550956071674764e-07
2.550952728311434e-07
2.550949304830272e-07
2.550945801220023e-07
2.550942217469247e-07
2.550938553566326e-07
2.550934809499457e-07
2.55093098525666e-07
2.550927080825771e-07
2.550923096194442e-07
2.550919031350148e-07
2.550914886280178e-07
2.550910660971641e-07
2.550906355411463e-07
2.550901969586387e-07
2.550897503482975e-07
2.550892957087605e-07
2.550888330386471e-07
2.550883623365588e-07
2.550878836010784e-07
2.550873968307706e-07
2.550869020241815e-07
2.550863991798392e-07
2.55085888296253e-07
2.550853693719142e-07
2.550848424052954e-07
2.55084307394851e-07
2.550837643390167e-07
2.5508321323621e-07
2.550826540848298e-07
2.550820868832566e-07
2.550815116298521e-07
2.550809283229599e-07
2.550803369609048e-07
2.550797375419929e-07
2.55079130064512e-07
2.550785145267313e-07
2.550778909269012e-07
2.550772592632534e-07
2.550766195340015e-07
2.550759717373395e-07
2.550753158714435e-07
2.550746519344706e-07
2.550739799245592e-07
2.550732998398288e-07
2.550726116783803e-07
2.550719154382959e-07
2.550712111176386e-07
2.550704987144532e-07
2.550697782267649e-07
2.550690496525805e-07
2.55068312989888e-07
2.55067568236656e-07
2.550668153908347e-07
2.55066054450355e-07
2.550652854131289e-07
2.550645082770494e-07
2.550637230399905e-07
2.550629296998073e-07
2.550621282543354e-07
2.550613187013919e-07
2.550605010387742e-07
2.55059675264261e-07
2.550588413756116e-07
2.550579993705663e-07
2.55057149246846e-07
2.550562910021525e-07
2.550554246341683e-07
2.550545501405566e-07
2.550536675189613e-07
2.550527767670071e-07
2.550518778822991e-07
2.550509708624233e-07
2.550500557049461e-07
2.550491324074144e-07
2.55048200967356e-07
2.550472613822789e-07
2.550463136496717e-07
2.550453577670035e-07
2.550443937317237e-07
2.550434215412622e-07
2.550424411930295e-07
2.550414526844161e-07
2.550404560127931e-07
2.550394511755118e-07
2.550384381699037e-07
2.550374169932807e-07
2.550363876429349e-07
2.550353501161384e-07
2.550343044101439e-07
2.550332505221838e-07
2.550321884494708e-07
2.550311181891976e-07
2.550300397385371e-07
2.550289530946421e-07
2.550278582546455e-07
2.550267552156598e-07
2.550256439747781e-07
2.550245245290729e-07
2.550233968755964e-07
2.550222610113814e-07
2.550211169334398e-07
2.550199646387635e-07
2.550188041243244e-07
2.550176353870735e-07
2.550164584239423e-07
2.550152732318414e-07
2.55014079807661e-07
2.550128781482712e-07
2.550116682505214e-07
2.550104501112408e-07
2.550092237272377e-07
2.550079890953003e-07
2.550067462121959e-07
2.550054950746712e-07
2.550042356794525e-07
2.550029680232452e-07
2.550016921027341e-07
2.550004079145832e-07
2.549991154554359e-07
2.549978147219144e-07
2.549965057106204e-07
2.549951884181345e-07
2.549938628410167e-07
2.549925289758056e-07
2.549911868190192e-07
2.549898363671542e-07
2.549884776166863e-07
2.549871105640703e-07
2.549857352057397e-07
2.549843515381066e-07
2.549829595575625e-07
2.549815592604769e-07
2.549801506431987e-07
2.54978733702055e-07
2.549773084333518e-07
2.549758748333736e-07
2.549744328983834e-07
2.549729826246229e-07
2.549715240083121e-07
2.549700570456496e-07
2.549685817328123e-07
2.549670980659556e-07
2.54965606041213e-07
2.549641056546965e-07
2.549625969024962e-07
2.549610797806806e-07
2.549595542852962e-07
2.549580204123676e-07
2.549564781578977e-07
2.549549275178671e-07
2.549533684882348e-07
2.549518010649376e-07
2.549502252438899e-07
2.549486410209844e-07
2.549470483920917e-07
2.549454473530596e-07
2.549438378997145e-07
2.549422200278597e-07
2.549405937332765e-07
2.549389590117241e-07
2.549373158589387e-07
2.549356642706346e-07
2.549340042425031e-07
2.549323357702133e-07
2.549306588494115e-07
2.549289734757215e-07
2.549272796447443e-07
2.54925577352058e-07
2.549238665932184e-07
2.549221473637582e-07
2.549204196591868e-07
2.549186834749916e-07
2.549169388066363e-07
2.549151856495617e-07
2.549134239991859e-07
2.549116538509035e-07
2.549098752000862e-07
2.549080880420824e-07
2.549062923722171e-07
2.549044881857922e-07
2.549026754780865e-07
2.549008542443548e-07
2.54899024479829e-07
2.54897186179717e-07
2.548953393392038e-07
2.548934839534504e-07
2.548916200175941e-07
2.548897475267486e-07
2.548878664760042e-07
2.548859768604269e-07
2.548840786750591e-07
2.548821719149194e-07
2.548802565750023e-07
2.548783326502784e-07
2.548764001356943e-07
2.548744590261723e-07
2.548725093166108e-07
2.54870551001884e-07
2.548685840768416e-07
2.548666085363092e-07
2.548646243750881e-07
2.54862631587955e-07
2.548606301696623e-07
2.548586201149379e-07
2.54856601418485e-07
2.548545740749824e-07
2.548525380790839e-07
2.548504934254189e-07
2.548484401085918e-07
2.548463781231823e-07
2.548443074637452e-07
2.548422281248102e-07
2.548401401008823e-07
2.548380433864412e-07
2.548359379759415e-07
2.548338238638128e-07
2.548317010444592e-07
2.548295695122599e-07
2.548274292615685e-07
2.548252802867133e-07
2.548231225819971e-07
2.548209561416972e-07
2.548187809600655e-07
2.548165970313279e-07
2.548144043496851e-07
2.548122029093117e-07
2.548099927043567e-07
2.548077737289434e-07
2.548055459771686e-07
2.548033094431039e-07
2.548010641207942e-07
2.547988100042588e-07
2.547965470874907e-07
2.547942753644565e-07
2.547919948290968e-07
2.547897054753258e-07
2.547874072970313e-07
2.547851002880746e-07
2.547827844422906e-07
2.547804597534876e-07
2.547781262154473e-07
2.547757838219245e-07
2.547734325666477e-07
2.547710724433182e-07
2.547687034456104e-07
2.547663255671722e-07
2.547639388016241e-07
2.547615431425597e-07
2.547591385835454e-07
2.547567251181207e-07
2.547543027397973e-07
2.547518714420601e-07
2.547494312183666e-07
2.547469820621465e-07
2.547445239668024e-07
2.547420569257091e-07
2.54739580932214e-07
2.547370959796365e-07
2.547346020612686e-07
2.54732099170374e-07
2.547295873001893e-07
2.547270664439222e-07
2.547245365947533e-07
2.547219977458346e-07
2.5471944989029e-07
2.547168930212153e-07
2.54714327131678e-07
2.547117522147174e-07
2.547091682633442e-07
2.547065752705407e-07
2.547039732292607e-07
2.547013621324295e-07
2.546987419729436e-07
2.546961127436708e-07
2.546934744374502e-07
2.546908270470917e-07
2.54688170565377e-07
2.546855049850579e-07
2.546828302988579e-07
2.54680146499471e-07
2.54677453579562e-07
2.546747515317666e-07
2.546720403486911e-07
2.546693200229124e-07
2.546665905469779e-07
2.546638519134056e-07
2.546611041146837e-07
2.54658347143271e-07
2.546555809915965e-07
2.54652805652059e-07
2.546500211170281e-07
2.546472273788431e-07
2.546444244298132e-07
2.546416122622179e-07
2.54638790868306e-07
2.546359602402968e-07
2.546331203703787e-07
2.546302712507102e-07
2.546274128734192e-07
2.54624545230603e-07
2.546216683143286e-07
2.546187821166324e-07
2.546158866295198e-07
2.546129818449657e-07
2.546100677549143e-07
2.546071443512787e-07
2.54604211625941e-07
2.546012695707524e-07
2.545983181775331e-07
2.545953574380721e-07
2.54592387344127e-07
2.545894078874242e-07
2.545864190596589e-07
2.545834208524946e-07
2.545804132575636e-07
2.545773962664664e-07
2.545743698707718e-07
2.545713340620174e-07
2.545682888317084e-07
2.545652341713186e-07
2.545621700722897e-07
2.545590965260314e-07
2.545560135239217e-07
2.54552921057306e-07
2.54549819117498e-07
2.545467076957787e-07
2.545435867833971e-07
2.545404563715701e-07
2.545373164514815e-07
2.545341670142831e-07
2.545310080510938e-07
2.545278395530003e-07
2.545246615110563e-07
2.545214739162826e-07
2.545182767596677e-07
2.545150700321664e-07
2.545118537247016e-07
2.545086278281621e-07
2.545053923334044e-07
2.545021472312514e-07
2.544988925124932e-07
2.544956281678861e-07
2.544923541881536e-07
2.544890705639853e-07
2.544857772860378e-07
2.54482474344934e-07
2.544791617312629e-07
2.544758394355804e-07
2.544725074484084e-07
2.544691657602349e-07
2.544658143615144e-07
2.544624532426673e-07
2.544590823940801e-07
2.544557018061054e-07
2.544523114690615e-07
2.544489113732328e-07
2.544455015088694e-07
2.544420818661874e-07
2.544386524353682e-07
2.544352132065591e-07
2.544317641698733e-07
2.544283053153888e-07
2.544248366331498e-07
2.544213581131656e-07
2.544178697454109e-07
2.544143715198259e-07
2.544108634263158e-07
2.544073454547514e-07
2.544038175949684e-07
2.544002798367676e-07
2.543967321699152e-07
2.54393174584142e-07
2.543896070691443e-07
2.54386029614583e-07
2.543824422100839e-07
2.543788448452376e-07
2.543752375095999e-07
2.543716201926909e-07
2.543679928839957e-07
2.543643555729641e-07
2.543607082490103e-07
2.543570509015133e-07
2.543533835198166e-07
2.543497060932284e-07
2.543460186110211e-07
2.543423210624317e-07
2.543386134366617e-07
2.543348957228768e-07
2.543311679102072e-07
2.543274299877475e-07
2.543236819445564e-07
2.543199237696571e-07
2.543161554520366e-07
2.543123769806469e-07
2.543085883444033e-07
2.543047895321858e-07
2.543009805328385e-07
2.542971613351696e-07
2.542933319279513e-07
2.5428949229992e-07
2.54285642439776e-07
2.54281782336184e-07
2.542779119777723e-07
2.542740313531338e-07
2.542701404508249e-07
2.542662392593662e-07
2.542623277672425e-07
2.542584059629022e-07
2.542544738347582e-07
2.54250531371187e-07
2.542465785605293e-07
2.542426153910898e-07
2.542386418511371e-07
2.542346579289038e-07
2.542306636125869e-07
2.54226658890347e-07
2.542226437503088e-07
2.542186181805613e-07
2.542145821691573e-07
2.542105357041141e-07
2.542064787734127e-07
2.542024113649985e-07
2.541983334667809e-07
2.541942450666336e-07
2.541901461523946e-07
2.541860367118661e-07
2.541819167328145e-07
2.541777862029707e-07
2.541736451100299e-07
2.541694934416518e-07
2.541653311854605e-07
2.541611583290445e-07
2.541569748599573e-07
2.541527807657165e-07
2.541485760338048e-07
2.541443606516695e-07
2.541401346067227e-07
2.541358978863414e-07
2.541316504778675e-07
2.541273923686082e-07
2.541231235458354e-07
2.541188439967866e-07
2.541145537086643e-07
2.541102526686365e-07
2.541059408638365e-07
2.541016182813636e-07
2.54097284908282e-07
2.540929407316226e-07
2.540885857383813e-07
2.540842199155206e-07
2.540798432499688e-07
2.540754557286204e-07
2.540710573383365e-07
2.540666480659444e-07
2.540622278982383e-07
2.540577968219788e-07
2.540533548238936e-07
2.540489018906774e-07
2.540444380089923e-07
2.540399631654673e-07
2.540354773466993e-07
2.54030980539253e-07
2.540264727296602e-07
2.540219539044217e-07
2.54017424050006e-07
2.540128831528499e-07
2.540083311993592e-07
2.540037681759082e-07
2.539991940688404e-07
2.539946088644682e-07
2.53990012549074e-07
2.539854051089095e-07
2.539807865301962e-07
2.539761567991261e-07
2.539715159018613e-07
2.539668638245346e-07
2.539622005532499e-07
2.539575260740819e-07
2.539528403730771e-07
2.539481434362535e-07
2.539434352496011e-07
2.539387157990823e-07
2.539339850706321e-07
2.539292430501583e-07
2.539244897235421e-07
2.539197250766381e-07
2.539149490952748e-07
2.539101617652551e-07
2.539053630723563e-07
2.539005530023308e-07
2.538957315409061e-07
2.538908986737858e-07
2.53886054386649e-07
2.538811986651519e-07
2.538763314949271e-07
2.538714528615849e-07
2.53866562750713e-07
2.538616611478775e-07
2.538567480386229e-07
2.538518234084731e-07
2.538468872429313e-07
2.538419395274808e-07
2.538369802475853e-07
2.538320093886898e-07
2.538270269362206e-07
2.538220328755862e-07
2.538170271921775e-07
2.538120098713688e-07
2.538069808985181e-07
2.538019402589674e-07
2.537968879380439e-07
2.537918239210602e-07
2.537867481933148e-07
2.537816607400934e-07
2.537765615466683e-07
2.537714505983008e-07
2.537663278802401e-07
2.537611933777252e-07
2.537560470759852e-07
2.537508889602396e-07
2.537457190157001e-07
2.537405372275702e-07
2.537353435810465e-07
2.537301380613196e-07
2.537249206535749e-07
2.537196913429929e-07
2.537144501147505e-07
2.53709196954022e-07
2.537039318459794e-07
2.536986547757938e-07
2.536933657286359e-07
2.536880646896775e-07
2.536827516440917e-07
2.536774265770548e-07
2.53672089473746e-07
2.536667403193496e-07
2.536613790990558e-07
2.53656005798061e-07
2.536506204015698e-07
2.536452228947956e-07
2.536398132629618e-07
2.536343914913029e-07
2.536289575650658e-07
2.536235114695109e-07
2.536180531899135e-07
2.536125827115645e-07
2.536071000197724e-07
2.536016050998641e-07
2.535960979371862e-07
2.535905785171066e-07
2.535850468250159e-07
2.535795028463283e-07
2.535739465664839e-07
2.535683779709492e-07
2.535627970452191e-07
2.535572037748185e-07
2.535515981453036e-07
2.535459801422638e-07
2.535403497513225e-07
2.535347069581399e-07
2.53529051748414e-07
2.535233841078821e-07
2.535177040223233e-07
2.535120114775594e-07
2.535063064594575e-07
2.535005889539313e-07
2.534948589469432e-07
2.534891164245064e-07
2.534833613726866e-07
2.534775937776039e-07
2.534718136254352e-07
2.534660209024161e-07
2.534602155948431e-07
2.534543976890755e-07
2.534485671715382e-07
2.53442724028723e-07
2.534368682471922e-07
2.534309998135795e-07
2.534251187145935e-07
2.534192249370198e-07
2.534133184677232e-07
2.534073992936506e-07
2.534014674018335e-07
2.533955227793905e-07
2.5338956541353e-07
2.533835952915532e-07
2.533776124008567e-07
2.533716167289352e-07
2.533656082633845e-07
2.533595869919049e-07
2.533535529023035e-07
2.533475059824977e-07
2.533414462205184e-07
2.533353736045128e-07
2.533292881227482e-07
2.533231897636147e-07
2.533170785156294e-07
2.533109543674389e-07
2.533048173078235e-07
2.532986673257008e-07
2.532925044101288e-07
2.532863285503103e-07
2.532801397355961e-07
2.532739379554894e-07
2.532677231996493e-07
2.532614954578953e-07
2.53255254720211e-07
2.532490009767484e-07
2.532427342178322e-07
2.532364544339643e-07
2.532301616158278e-07
2.53223855754292e-07
2.532175368404167e-07
2.532112048654571e-07
2.532048598208683e-07
2.531985016983102e-07
2.531921304896531e-07
2.531857461869817e-07
2.53179348782601e-07
2.531729382690416e-07
2.531665146390646e-07
2.531600778856672e-07
2.531536280020884e-07
2.531471649818147e-07
2.531406888185856e-07
2.531341995063999e-07
2.531276970395214e-07
2.531211814124849e-07
2.531146526201026e-07
2.531081106574706e-07
2.531015555199752e-07
2.530949872032993e-07
2.530884057034295e-07
2.530818110166626e-07
2.530752031396127e-07
2.530685820692184e-07
2.530619478027498e-07
2.530553003378161e-07
2.530486396723728e-07
2.530419658047299e-07
2.530352787335589e-07
2.530285784579016e-07
2.530218649771772e-07
2.530151382911918e-07
2.530083984001454e-07
2.530016453046415e-07
2.529948790056951e-07
2.529880995047424e-07
2.529813068036488e-07
2.529745009047188e-07
2.529676818107053e-07
2.529608495248186e-07
2.529540040507371e-07
2.529471453926162e-07
2.529402735550989e-07
2.529333885433262e-07
2.529264903629469e-07
2.529195790201292e-07
2.529126545215704e-07
2.52905716874509e-07
2.528987660867353e-07
2.528918021666031e-07
2.528848251230411e-07
2.528778349655651e-07
2.528708317042899e-07
2.528638153499416e-07
2.5285678591387e-07
2.528497434080617e-07
2.528426878451526e-07
2.528356192384416e-07
2.528285376019036e-07
2.528214429502034e-07
2.528143352987097e-07
2.528072146635089e-07
2.528000810614203e-07
2.527929345100098e-07
2.527857750276055e-07
2.527786026333127e-07
2.527714173470294e-07
2.527642191894619e-07
2.527570081821411e-07
2.527497843474385e-07
2.527425477085829e-07
2.527352982896773e-07
2.52728036115716e-07
2.52720761212602e-07
2.527134736071649e-07
2.527061733271786e-07
2.526988604013801e-07
2.526915348594879e-07
2.526841967322209e-07
2.526768460513179e-07
2.526694828495571e-07
2.526621071607761e-07
2.526547190198919e-07
2.526473184629222e-07
2.526399055270054e-07
2.526324802504226e-07
2.526250426726189e-07
2.526175928342255e-07
2.526101307770821e-07
2.52602656544259e-07
2.525951701800812e-07
2.525876717301509e-07
2.525801612413716e-07
2.525726387619722e-07
2.525651043415316e-07
2.525575580310035e-07
2.525499998827417e-07
2.525424299505257e-07
2.525348482895867e-07
2.525272549566341e-07
2.525196500098824e-07
2.525120335090781e-07
2.525044055155274e-07
2.524967660921245e-07
2.524891153033794e-07
2.52481453215447e-07
2.524737798961564e-07
2.524660954150401e-07
2.524583998433642e-07
2.524506932541587e-07
2.524429757222482e-07
2.524352473242834e-07
2.524275081387718e-07
2.524197582461109e-07
2.524119977286193e-07
2.524042266705702e-07
2.523964451582242e-07
2.523886532798632e-07
2.523808511258235e-07
2.52373038788531e-07
2.523652163625353e-07
2.523573839445447e-07
2.523495416334617e-07
2.523416895304189e-07
2.523338277388147e-07
2.523259563643501e-07
2.523180755150653e-07
2.523101853013766e-07
2.523022858361141e-07
2.522943772345595e-07
2.522864596144834e-07
2.522785330961845e-07
2.522705978025275e-07
2.522626538589823e-07
2.522547013936624e-07
2.522467405373653e-07
2.522387714236106e-07
2.522307941886808e-07
2.522228089716601e-07
2.522148159144755e-07
2.522068151619356e-07
2.521988068617718e-07
2.521907911646781e-07
2.521827682243513e-07
2.521747381975314e-07
2.521667012440419e-07
2.521586575268302e-07
2.521506072120073e-07
2.521425504688883e-07
2.521344874700321e-07
2.521264183912809e-07
2.521183434117999e-07
2.521102627141167e-07
2.521021764841595e-07
2.520940849112962e-07
2.52085988188372e-07
2.520778865117476e-07
2.520697800813355e-07
2.520616691006373e-07
2.520535537767787e-07
2.520454343205455e-07
2.520373109464172e-07
2.520291838726009e-07
2.52021053321064e-07
2.520129195175659e-07
2.520047826916878e-07
2.519966430768631e-07
2.519885009104052e-07
2.519803564335344e-07
2.519722098914031e-07
2.519640615331203e-07
2.519559116117735e-07
2.519477603844502e-07
2.519396081122554e-07
2.519314550603301e-07
2.519233014978653e-07
2.519151476981153e-07
2.519069939384079e-07
2.518988405001528e-07
2.518906876688474e-07
2.518825357340798e-07
2.518743849895286e-07
2.518662357329609e-07
2.518580882662262e-07
2.518499428952478e-07
2.518417999300097e-07
2.518336596845418e-07
2.518255224768997e-07
2.518173886291417e-07
2.518092584673009e-07
2.518011323213543e-07
2.517930105251864e-07
2.517848934165489e-07
2.517767813370149e-07
2.517686746319296e-07
2.517605736503542e-07
2.517524787450055e-07
2.5174439027219e-07
2.517363085917315e-07
2.517282340668935e-07
2.517201670642956e-07
2.517121079538224e-07
2.517040571085271e-07
2.516960149045276e-07
2.51687981720896e-07
2.516799579395404e-07
2.516719439450799e-07
2.516639401247112e-07
2.51655946868068e-07
2.516479645670719e-07
2.516399936157749e-07
2.516320344101944e-07
2.516240873481373e-07
2.516161528290179e-07
2.516082312536641e-07
2.516003230241164e-07
2.515924285434154e-07
2.515845482153815e-07
2.515766824443831e-07
2.515688316350955e-07
2.515609961922495e-07
2.515531765203695e-07
2.515453730235012e-07
2.515375861049283e-07
2.515298161668789e-07
2.515220636102206e-07
2.515143288341452e-07
2.515066122358418e-07
2.514989142101589e-07
2.514912351492562e-07
2.514835754422444e-07
2.514759354748143e-07
2.514683156288546e-07
2.5146071628206e-07
2.514531378075265e-07
2.514455805733379e-07
2.514380449421402e-07
2.51430531270707e-07
2.51423039909494e-07
2.51415571202184e-07
2.514081254852224e-07
2.514007030873432e-07
2.513933043290866e-07
2.513859295223086e-07
2.513785789696816e-07
2.513712529641892e-07
2.513639517886127e-07
2.51356675715013e-07
2.513494250042057e-07
2.513421999052323e-07
2.51335000654827e-07
2.513278274768806e-07
2.513206805819024e-07
2.513135601664797e-07
2.513064664127382e-07
2.512993994878025e-07
2.51292359543258e-07
2.512853467146168e-07
2.51278361120786e-07
2.512714028635432e-07
2.512644720270173e-07
2.512575686771775e-07
2.512506928613323e-07
2.512438446076381e-07
2.512370239246211e-07
2.512302308007122e-07
2.51223465203797e-07
2.512167270807838e-07
2.512100163571878e-07
2.512033329367374e-07
2.511966767010005e-07
2.511900475090351e-07
2.511834451970632e-07
2.511768695781731e-07
2.511703204420477e-07
2.511637975547237e-07
2.511573006583811e-07
2.51150829471166e-07
2.511443836870471e-07
2.511379629757081e-07
2.511315669824761e-07
2.511251953282901e-07
2.51118847609707e-07
2.511125233989494e-07
2.511062222439948e-07
2.510999436687076e-07
2.510936871730145e-07
2.510874522331241e-07
2.510812383017917e-07
2.510750448086291e-07
2.510688711604607e-07
2.510627167417251e-07
2.510565809149227e-07
2.510504630211096e-07
2.510443623804372e-07
2.510382782927368e-07
2.510322100381485e-07
2.510261568777957e-07
2.510201180545008e-07
2.510140927935441e-07
2.510080803034629e-07
2.510020797768901e-07
2.509960903914314e-07
2.509901113105764e-07
2.509841416846473e-07
2.509781806517763e-07
2.509722273389159e-07
2.509662808628755e-07
2.50960340331385e-07
2.50954404844182e-07
2.509484734941251e-07
2.509425453683434e-07
2.509366195495105e-07
2.509277331280402e-07
