2.929384182541237e-07
2.929561080748662e-07
2.929658206360851e-07
2.92967554496765e-07
2.929613064457971e-07
2.929470714972548e-07
2.929248428840018e-07
2.928946120496131e-07
2.928563686385858e-07
2.928101004848171e-07
2.927557935983253e-07
2.926934321501874e-07
2.926229984556661e-07
2.925444729554981e-07
2.924578341953131e-07
2.923630588031541e-07
2.922601214650641e-07
2.921489948987113e-07
2.920296498250151e-07
2.919020549377426e-07
2.917661768710428e-07
2.916219801648857e-07
2.914694272283771e-07
2.913084783009211e-07
2.911390914112057e-07
2.909612223339922e-07
2.90774824544694e-07
2.90579849171738e-07
2.903762449467115e-07
2.901639581523095e-07
2.899429325681106e-07
2.89713109414228e-07
2.894744272929034e-07
2.89226822128137e-07
2.889702271034784e-07
2.887045725981407e-07
2.884297861216451e-07
2.881457922472565e-07
2.878525125445354e-07
2.875498655114088e-07
2.87237766506255e-07
2.869161276806034e-07
2.86584857913186e-07
2.862438627462289e-07
2.858930443250591e-07
2.85532301342323e-07
2.851615289883768e-07
2.847806189097239e-07
2.843894591777482e-07
2.839879342704456e-07
2.835759250703866e-07
2.831533088827911e-07
2.827199594783585e-07
2.82275747166425e-07
2.818205389051186e-07
2.813541984565108e-07
2.808765865963619e-07
2.803875613899667e-07
2.798869785479222e-07
2.793746918784128e-07
2.788505538559619e-07
2.783144163306336e-07
2.777661314065429e-07
2.77205552524402e-07
2.766325357899122e-07
2.760469415983379e-07
2.754486366158506e-07
2.748374961905399e-07
2.742134072807047e-07
2.735762720055701e-07
2.729260119443178e-07
2.722625733336683e-07
2.715859333424764e-07
2.708961076339991e-07
2.701931594623201e-07
2.694772105878512e-07
2.687484543356743e-07
2.680071711556289e-07
2.672537470674062e-07
2.664886953758354e-07
2.657126820025582e-07
2.649265546720148e-07
2.64131375969796e-07
2.633284598990099e-07
2.625194109110238e-07
2.617061633704048e-07
2.608910178973909e-07
2.60076668877946e-07
2.592662145471422e-07
2.584631374805463e-07
2.576712394235095e-07
2.568945110729364e-07
2.56136916519083e-07
2.554020765215436e-07
2.546928485662787e-07
2.540108283836899e-07
2.533558376510171e-07
2.527255082892304e-07
2.521151059213062e-07
2.512212545726663e-07
