-0.02892550932665681 0.9995815481479851 0.0002085959509828011 
-0.02685451471648446 0.9996391626356469 0.0006160880173378066 
-0.02479503189866336 0.9996920322540928 0.001023250128965626 
-0.02274557381262715 0.9997402629732057 0.001430196559824143 
-0.02070466747104023 0.9997839476731499 0.001837041100743585 
-0.01867085066840143 0.9998231664952028 0.002243897240165567 
-0.01664266872307298 0.9998579871270629 0.002650878343519223 
-0.01461867123811568 0.9998884650244158 0.00305809783191844 
-0.01259740886639562 0.999914643570007 0.00346566936085943 
-0.01057743006540804 0.9999365541709597 0.003873706999597554 
-0.00855727782713284 0.9999542162945542 0.004282325411886843 
-0.00653548636799677 0.9999676374421725 0.004691640038774686 
-0.004510577763661398 0.9999768130605911 0.005101767284158089 
-0.002481058512890989 0.9999817263892579 0.005512824703826769 
-0.0004454160141535146 0.9999823482416399 0.005924931198742277 
0.001597885062109368 0.9999786367181297 0.006338207213331816 
0.003650406523472502 0.9999705368473755 0.006752774939610489 
0.005713740546716013 0.9999579801522324 0.007168758527987032 
0.007789513730319874 0.9999408841357967 0.007586284305655881 
0.009879391329719609 0.9999191516822029 0.008005481003533413 
0.01198508169831076 0.9998926703659832 0.008426479992758923 
0.01410834095893571 0.999861311662838 0.008849415531852109 
0.01625097793255995 0.9998249300535961 0.00927442502569943 
0.01841485935307622 0.9997833620119472 0.009701649297632361 
0.0206019153996902 0.9997364248652127 0.01013123287596298 
0.02281414558116477 0.9996839155159041 0.01056332429645699 
0.02505362500938754 0.9996256090101419 0.01099807642235345 
0.02732251110329887 0.9995612569370869 0.01143564678368481 
0.0296230507682335 0.9994905856413678 0.0118761979378137 
0.03195758810024898 0.9994132942280183 0.01231989785328459 
0.03432857267007972 0.9993290523366144 0.01276692031929288 
0.03673856844707103 0.9992374976580889 0.01321744538330394 
0.03919026342985507 0.9991382331639979 0.01367165981961166 
0.04168648005775822 0.9990308240137824 0.01412975763191657 
0.04423018648507066 0.9989147941006863 0.0145919405933296 
0.04682450880947023 0.9987896221913627 0.01505841882757478 
0.04947274435625317 0.9986547376077106 0.01552941143557888 
0.05217837613170235 0.9985095153919454 0.01600514717210343 
0.05494508857213676 0.9983532708871875 0.01648586517760314 
0.05777678473012746 0.9981852536556931 0.01697181577109309 
0.06067760505629243 0.9980046406450395 0.01746326131048445 
0.06365194795426077 0.997810528498761 0.01796047712761737 
0.06670449230817091 0.9976019248918008 0.01846375254609279 
0.06984022220678382 0.9973777387522057 0.01897339199099804 
0.07306445411639127 0.9971367692082607 0.01948971620075207 
0.07638286678668774 0.9968776930740739 0.0200130635525857 
0.07980153421015557 0.996599050655733 0.02054379151464492 
0.08332696199702284 0.9962992296236024 0.02108227823938799 
0.08696612757515275 0.9959764466530139 0.02162892431487395 
0.0907265246781834 0.9956287264841183 0.02218415469274646 
0.09461621264685108 0.9952538779903466 0.02274842081424885 
0.09864387113873295 0.9948494667716955 0.02332220295851075 
0.1028188609219253 0.9944127837014056 0.02390601284068504 
0.1071512915197763 0.9939408087493995 0.02450039649134908 
0.1116520965782674 0.9934301692792923 0.02510593745299505 
0.1163331179466885 0.9928770918631193 0.02572326033450341 
0.1212071995976393 0.9922773464732995 0.02635303477032077 
0.1262882926660736 0.9916261816874783 0.02699597983775319 
0.1315915730609851 0.9909182492697196 0.02765286899345561 
0.1371335732991977 0.9901475161597368 0.02832453559897111 
0.1429323304301209 0.9893071614963783 0.02901187911517297 
0.1490075521641539 0.9883894558047198 0.02971587205680862 
0.1553808035854369 0.9873856188657432 0.03043756781112733 
0.1620757171199472 0.9862856520358969 0.03117810943884518 
0.1691182287376027 0.9850781398559038 0.03193873959141971 
0.1765368436828388 0.9837500146401436 0.03272081169559073 
0.184362935335963 0.9822862763146385 0.03352580257397156 
0.1926310810812912 0.9806696580039529 0.03435532668834645 
0.2013794392561299 0.9788802256686011 0.03521115220885594 
0.2106501713132495 0.9768948973569305 0.03609521912512771 
0.2204899131514483 0.9746868642252285 0.03700965962093795 
0.2309502990085139 0.9722248912330129 0.03795682092634044 
0.2420885401515634 0.9694724701387024 0.0389392908313406 
0.2539680585211289 0.9663867908693401 0.03995992597924401 
0.266659172017052 0.9629174892480026 0.04102188293463549 
0.2802398225688585 0.9590051191434623 0.04212865180857849 
0.2947963295116972 0.9545792850764546 0.0432840918739858 
0.3104241376476855 0.9495563569651478 0.04449246804536023 
0.327228509641066 0.9438366720024721 0.04575848622260556 
0.3453250831321243 0.9373011100303065 0.04708732415148422 
0.3648401700340702 0.929806909422942 0.04848465240535015 
0.3859106132214544 0.921182573120525 0.04995663701741244 
0.408682926630717 0.9112217044039237 0.05150991073337591 
0.4333113189469858 0.8996756191225592 0.05315149319504796 
0.4599540270097854 0.8862446226882494 0.05488863082318675 
0.4887671511065811 0.8705679454906254 0.05672851384786758 
0.5198948829555387 0.8522125470124507 0.05867781004092026 
0.5534546551828817 0.8306614005381661 0.0607419320763666 
0.5895153596565871 0.8053025641322535 0.06292392971662411 
0.6280664934818939 0.7754214701438374 0.06522287486248983 
0.6689761389244751 0.7402005756376903 0.06763160041972588 
0.7119365212525709 0.6987328926545191 0.07013368968930664 
0.7563982499603679 0.6500587940491914 0.0726997368372387 
0.8014991951257481 0.593238134348366 0.07528317320389856 
0.8460020626695314 0.5274704848863232 0.07781643484949202 
0.8882656022950436 0.4522728706806561 0.08020891612346998 
0.926284266855242 0.3677174627451139 0.08234879822281935 
0.9578310846862254 0.2747452738696909 0.08411092494484546 
0.9807125785017141 0.1758253300612716 0.08537149218189979 
0.9929448475380597 0.08161678345970531 0.08601877937584823 
