0.1092453032042757 0.9940148206270949 1.00742473527067e-05 
0.1092212502598978 0.9940174635243608 2.646243734745539e-05 
0.1091975265818892 0.9940200693907095 4.285891426507328e-05 
0.1091741323134384 0.9940226382338693 5.926370043434906e-05 
0.1091510676009773 0.9940251700608924 7.567681830589359e-05 
0.1091283325941898 0.9940276648781546 9.209829045222694e-05 
0.1091059274460198 0.9940301226913533 0.0001085281395678689 
0.1090838523126805 0.9940325435055067 0.0001249663884694337 
0.1090621073536626 0.9940349273249531 0.0001414130600957273 
0.1090406927317442 0.9940372741533487 0.0001578681775078498 
0.1090196086129986 0.9940395839936681 0.0001743317638893012 
0.108998855166804 0.9940418568482011 0.0001908038425460899 
0.1089784325658526 0.9940440927185534 0.0002072844369068467 
0.1089583409861593 0.994046291605644 0.0002237735705229406 
0.1089385806070714 0.9940484535097044 0.0002402712670685997 
0.108919151611278 0.9940505784302773 0.0002567775503410362 
0.1089000541848189 0.9940526663662159 0.0002732924442605731 
0.1088812885170945 0.9940547173156813 0.0002898159728707769 
0.1088628548008751 0.994056731276142 0.0003063481603385924 
0.108844753232311 0.9940587082443727 0.0003228890309544828 
0.1088269840109413 0.994060648216452 0.0003394386091325713 
0.108809547339705 0.9940625511877619 0.0003559969194107894 
0.1087924434249497 0.9940644171529858 0.000372563986451026 
0.1087756724764422 0.9940662461061066 0.0003891398350392828 
0.1087592347073782 0.9940680380404069 0.0004057244900858312 
0.1087431303343929 0.9940697929484649 0.0004223179766253747 
0.1087273595775708 0.9940715108221554 0.0004389203198172142 
0.1087119226604558 0.9940731916526462 0.000455531544945417 
0.1086968198100625 0.9940748354303978 0.0004721516774189903 
0.1086820512568855 0.9940764421451609 0.0004887807427720581 
0.1086676172349108 0.9940780117859751 0.0005054187666640407 
0.108653517981626 0.9940795443411675 0.0005220657748798398 
0.1086397537380311 0.9940810397983503 0.0005387217933300274 
0.1086263247486497 0.9940824981444195 0.000555386848051036 
0.1086132312615393 0.9940839193655532 0.0005720609652053555 
0.1086004735283025 0.9940853034472089 0.0005887441710817328 
0.1085880518040983 0.9940866503741234 0.0006054364920953733 
0.1085759663476532 0.9940879601303088 0.0006221379547881503 
0.1085642174212721 0.9940892326990527 0.0006388485858288158 
0.1085528052908501 0.9940904680629142 0.0006555684120132123 
0.1085417302258838 0.9940916662037241 0.0006722974602644951 
0.1085309924994827 0.994092827102581 0.0006890357576333518 
0.1085205923883808 0.9940939507398504 0.0007057833312982301 
0.1085105301729489 0.9940950370951624 0.0007225402085655676 
0.1085008061372055 0.99409608614741 0.0007393064168700253 
0.1084914205688294 0.9940970978747453 0.0007560819837747239 
0.1084823737591717 0.9940980722545805 0.00077286693697149 
0.1084736660032674 0.9940990092635824 0.0007896613042810954 
0.108465297599848 0.9940999088776725 0.0008064651136535108 
0.1084572688513539 0.9941007710720239 0.0008232783931681583 
0.1084495800639464 0.9941015958210589 0.0008401011710341666 
0.1084422315475208 0.9941023830984473 0.0008569334755906329 
0.1084352236157183 0.9941031328771037 0.0008737753353068902 
0.1084285565859392 0.994103845129185 0.0008906267787827706 
0.1084222307793555 0.9941045198260884 0.0009074878347488842 
0.1084162465209242 0.9941051569384491 0.0009243585320668921 
0.1084106041393996 0.9941057564361369 0.0009412388997297863 
0.1084053039673469 0.9941063182882552 0.0009581289668621774 
0.1084003463411557 0.9941068424631376 0.0009750287627205791 
0.1083957316010526 0.9941073289283449 0.0009919383166937059 
0.1083914600911152 0.9941077776506637 0.001008857658302762 
0.1083875321592853 0.9941081885961032 0.00102578681720175 
0.1083839481573833 0.9941085617298924 0.001042725823177769 
0.1083807084411205 0.9941088970164776 0.001059674706151325 
0.1083778133701148 0.9941091944195202 0.001076633496176645 
0.1083752633079031 0.9941094539018929 0.001093602223441989 
0.1083730586219564 0.9941096754256776 0.001110580918269977 
0.1083711996836935 0.9941098589521628 0.001127569611117907 
0.1083696868684957 0.9941100044418406 0.001144568332578087 
0.1083685205557208 0.9941101118544031 0.001161577113378165 
0.1083677011287181 0.9941101811487409 0.00117859598438147 
0.1083672289748426 0.9941102122829386 0.001195624976587348 
0.1083671044854704 0.9941102052142733 0.001212664121131513 
0.1083673280560131 0.9941101598992101 0.001229713449286386 
0.1083679000859328 0.9941100762934005 0.001246772992461458 
0.1083688209787576 0.9941099543516784 0.001263842782203642 
0.1083700911420965 0.9941097940280568 0.001280922850197636 
0.1083717109876553 0.9941095952757257 0.001298013228266288 
0.1083736809312514 0.994109358047048 0.001315113948370966 
0.1083760013928299 0.9941090822935565 0.001332225042611932 
0.1083786727964794 0.9941087679659505 0.001349346543228718 
0.1083816955704474 0.9941084150140926 0.001366478482600514 
0.1083850701471568 0.9941080233870058 0.001383620893246547 
0.1083887969632218 0.9941075930328692 0.001400773807826477 
0.1083928764594642 0.9941071238990153 0.001417937259140792 
0.1083973090809298 0.9941066159319265 0.001435111280131204 
0.1084020952769047 0.994106069077231 0.001452295903881057 
0.1084072355009325 0.9941054832796998 0.001469491163615728 
0.1084127302108303 0.9941048584832428 0.00148669709270305 
0.1084185798687062 0.9941041946309058 0.001503913724653719 
0.1084247849409761 0.9941034916648659 0.001521141093121718 
0.1084313458983808 0.9941027495264282 0.001538379231904745 
0.1084382632160036 0.9941019681560227 0.00155562817494464 
0.1084455373732874 0.9941011474931993 0.001572887956327818 
0.1084531688540527 0.9941002874766252 0.001590158610285711 
0.1084611581465146 0.9940993880440792 0.001607440171195209 
0.1084695057433015 0.9940984491324506 0.001624732673579106 
0.1084782121414727 0.9940974706777324 0.001642036152106557 
0.1084872778425362 0.9940964526150189 0.00165935064159353 
0.1084967033524675 0.9940953948785017 0.001676676177003264 
0.1085064891817282 0.9940942974014644 0.001694012793446744 
0.1085166358452836 0.9940931601162798 0.001711360526183163 
0.1085271438626225 0.994091982954405 0.0017287194106204 
0.1085380137577753 0.9940907658463771 0.001746089482315496 
0.1085492460593335 0.9940895087218098 0.001763470776975144 
0.1085608413004685 0.9940882115093875 0.001780863330456167 
0.1085728000189512 0.9940868741368627 0.001798267178766027 
0.1085851227571712 0.9940854965310502 0.001815682358063304 
0.1085978100621565 0.9940840786178237 0.001833108904658212 
0.1086108624855933 0.9940826203221103 0.001850546855013102 
0.108624280583846 0.9940811215678869 0.001867996245742972 
0.1086380649179771 0.9940795822781746 0.001885457113615986 
0.1086522160537675 0.9940780023750353 0.001902929495553994 
0.1086667345617367 0.9940763817795655 0.001920413428633059 
0.1086816210171639 0.9940747204118927 0.001937908950083989 
0.108696876000108 0.9940730181911708 0.001955416097292867 
0.108712500095429 0.9940712750355734 0.001972934907801603 
0.1087284938928087 0.9940694908622918 0.001990465419308465 
0.1087448579867719 0.9940676655875269 0.002008007669668643 
0.1087615929767084 0.9940657991264867 0.002025561696894796 
0.1087786994668936 0.9940638913933803 0.002043127539157617 
0.1087961780665104 0.9940619423014119 0.002060705234786393 
0.1088140293896716 0.9940599517627775 0.002078294822269578 
0.1088322540554416 0.994057919688658 0.002095896340255375 
0.1088508526878584 0.9940558459892154 0.002113509827552305 
0.1088698259159562 0.9940537305735861 0.002131135323129799 
0.1088891743737882 0.9940515733498763 0.002148772866118788 
0.1089088987004486 0.9940493742251565 0.002166422495812296 
0.1089289995400961 0.9940471331054557 0.002184084251666048 
0.108949477541977 0.9940448498957563 0.002201758173299065 
0.108970333360448 0.9940425244999882 0.002219444300494286 
0.1089915676550005 0.9940401568210236 0.002237142673199178 
0.1090131810902827 0.9940377467606704 0.002254853331526359 
0.1090351743361254 0.994035294219667 0.002272576315754228 
0.109057548067564 0.9940327990976767 0.002290311666327594 
0.1090803029648642 0.9940302612932814 0.002308059423858312 
0.1091034397135458 0.9940276807039758 0.002325819629125937 
0.1091269590044069 0.9940250572261616 0.002343592323078356 
0.1091508615335493 0.9940223907551405 0.002361377546832453 
0.1091751480024031 0.9940196811851097 0.00237917534167477 
0.1091998191177515 0.9940169284091539 0.002396985749062162 
0.1092248755917571 0.994014132319241 0.002414808810622477 
0.1092503181419865 0.9940112928062135 0.002432644568155228 
0.1092761474914362 0.9940084097597842 0.002450493063632273 
0.1093023643685589 0.9940054830685287 0.002468354339198506 
0.1093289695072894 0.9940025126198789 0.002486228437172548 
0.1093559636470707 0.9939994983001168 0.002504115400047445 
0.109383347532881 0.9939964399943675 0.002522015270491371 
0.1094111219152602 0.9939933375865931 0.002539928091348344 
0.1094392875503365 0.993990190959585 0.002557853905638934 
0.1094678451998543 0.9939869999949578 0.00257579275656099 
0.1094967956312009 0.9939837645731419 0.002593744687490365 
0.1095261396174346 0.9939804845733772 0.00261170974198165 
0.1095558779373121 0.9939771598737055 0.002629687963768911 
0.1095860113753167 0.9939737903509633 0.002647679396766444 
0.1096165407216863 0.9939703758807751 0.002665684085069509 
0.1096474667724425 0.9939669163375457 0.002683702072955105 
0.1096787903294181 0.9939634115944531 0.002701733404882718 
0.1097105122002874 0.9939598615234413 0.002719778125495103 
0.1097426331985943 0.993956265995212 0.002737836279619051 
0.1097751541437821 0.9939526248792182 0.002755907912266176 
0.1098080758612228 0.9939489380436557 0.002773993068633697 
0.1098413991822471 0.9939452053554561 0.00279209179410524 
0.1098751249441743 0.9939414266802777 0.002810204134251633 
0.1099092539903428 0.9939376018824998 0.002828330134831708 
0.1099437871701406 0.9939337308252129 0.00284646984179313 
0.1099787253390354 0.9939298133702111 0.002864623301273197 
0.1100140693586068 0.9939258493779852 0.002882790559599684 
0.1100498200965764 0.9939218387077124 0.002900971663291658 
0.1100859784268395 0.9939177812172503 0.00291916665906033 
0.1101225452294974 0.9939136767631273 0.002937375593809899 
0.110159521390889 0.9939095252005339 0.002955598514638392 
0.1101969078036225 0.9939053263833151 0.002973835468838547 
0.110234705366609 0.9939010801639617 0.002992086503898648 
0.1102729149850941 0.9938967863936014 0.003010351667503421 
0.1103115375706913 0.9938924449219896 0.0030286310075349 
0.1103505740414157 0.9938880555975015 0.003046924572073324 
0.1103900253217167 0.9938836182671225 0.003065232409398017 
0.1104298923425124 0.9938791327764395 0.003083554567988294 
0.1104701760412228 0.9938745989696317 0.003101891096524372 
0.1105108773618053 0.9938700166894621 0.00312024204388827 
0.1105519972547882 0.9938653857772665 0.003138607459164746 
0.1105935366773058 0.9938607060729459 0.003156987391642212 
0.1106354965931339 0.9938559774149562 0.003175381890813674 
0.1106778779727244 0.9938511996402993 0.003193791006377675 
0.110720681793242 0.9938463725845127 0.003212214788239242 
0.1107639090385989 0.9938414960816595 0.003230653286510839 
0.1108075606994922 0.9938365699643202 0.003249106551513343 
0.1108516377734396 0.9938315940635812 0.003267574633776996 
0.1108961412648161 0.9938265682090253 0.003286057584042411 
0.1109410721848918 0.9938214922287216 0.003304555453261521 
0.1109864315518686 0.9938163659492156 0.003323068292598609 
0.1110322203909186 0.993811189195518 0.003341596153431286 
0.1110784397342207 0.9938059617910957 0.003360139087351516 
0.111125090621 0.9938006835578596 0.003378697146166608 
0.1111721740975665 0.9937953543161553 0.003397270381900274 
0.111219691217353 0.9937899738847515 0.003415858846793631 
0.1112676430409547 0.9937845420808304 0.003434462593306262 
0.1113160306361692 0.9937790587199749 0.00345308167411725 
0.111364855078035 0.993773523616159 0.003471716142126235 
0.1114141174488732 0.9937679365817368 0.003490366050454493 
0.1114638188383265 0.9937622974274294 0.003509031452445988 
0.1115139603434009 0.9937566059623159 0.003527712401668466 
0.111564543068506 0.9937508619938203 0.003546408951914532 
0.1116155681254971 0.9937450653277011 0.003565121157202758 
0.1116670366337162 0.9937392157680378 0.003583849071778779 
0.1117189497200348 0.9937333131172211 0.003602592750116413 
0.1117713085188952 0.9937273571759397 0.003621352246918769 
0.1118241141723545 0.9937213477431686 0.003640127617119403 
0.1118773678301263 0.9937152846161567 0.003658918915883428 
0.1119310706496252 0.9937091675904155 0.00367772619860868 
0.11198522379601 0.9937029964597052 0.003696549520926859 
0.1120398284422276 0.9936967710160228 0.003715388938704716 
0.112094885769058 0.9936904910495904 0.003734244508045203 
0.1121503969651583 0.9936841563488403 0.003753116285288669 
0.1122063632271086 0.9936777667004043 0.003772004327014041 
0.1122627857594569 0.9936713218890993 0.003790908690040039 
0.1123196657747652 0.9936648216979146 0.00380982943142637 
0.1123770044936558 0.9936582659079984 0.00382876660847496 
0.1124348031448579 0.993651654298645 0.003847720278731165 
0.112493062965254 0.9936449866472796 0.003866690499985025 
0.112551785199928 0.9936382627294473 0.003885677330272498 
0.1126109711022123 0.9936314823187966 0.003904680827876724 
0.1126706219337365 0.9936246451870671 0.003923701051329283 
0.112730738964475 0.9936177511040744 0.003942738059411473 
0.112791323472797 0.993610799837697 0.003961791911155597 
0.1128523767455146 0.9936037911538603 0.003980862665846245 
0.1129139000779333 0.9935967248165243 0.00399995038302162 
0.1129758947739011 0.9935896005876667 0.004019055122474825 
0.1130383621458604 0.9935824182272692 0.004038176944255205 
0.1131013035148973 0.9935751774933028 0.004057315908669676 
0.1131647202107939 0.993567878141712 0.004076472076284061 
0.1132286135720797 0.9935605199263999 0.004095645507924456 
0.113292984946083 0.9935531025992127 0.004114836264678584 
0.1133578356889847 0.993545625909924 0.00413404440789717 
0.1134231671658699 0.9935380896062197 0.00415326999919533 
0.1134889807507823 0.9935304934336818 0.004172513100453966 
0.1135552778267774 0.9935228371357714 0.004191773773821161 
0.1136220597859767 0.9935151204538143 0.004211052081713613 
0.113689328029623 0.9935073431269832 0.004230348086818039 
0.1137570839681343 0.9934995048922821 0.004249661852092638 
0.1138253290211604 0.9934916054845292 0.00426899344076852 
0.1138940646176384 0.9934836446363398 0.004288342916351169 
0.1139632921958494 0.9934756220781099 0.004307710342621921 
0.1140330132034752 0.993467537537999 0.004327095783639441 
0.1141032290976555 0.9934593907419118 0.004346499303741206 
0.1141739413450463 0.993451181413482 0.004365920967545026 
0.1142451514218774 0.9934429092740538 0.004385360839950552 
0.1143168608140119 0.993434574042664 0.004404818986140799 
0.114389071017005 0.9934261754360245 0.004424295471583682 
0.1144617835361642 0.9934177131685032 0.004443790362033583 
0.1145349998866082 0.993409186952107 0.004463303723532899 
0.1146087215933296 0.9934005964964613 0.004482835622413604 
0.1146829501912544 0.9933919415087928 0.004502386125298867 
0.114757687225305 0.9933832216939101 0.004521955299104617 
0.114832934250461 0.9933744367541837 0.004541543211041179 
0.1149086928318232 0.9933655863895278 0.004561149928614869 
0.1149849645446758 0.9933566702973803 0.004580775519629663 
0.1150617509745513 0.9933476881726829 0.004600420052188798 
0.1151390537172939 0.9933386397078612 0.004620083594696481 
0.1152168743791236 0.9933295245928047 0.004639766215859524 
0.1152952145767036 0.9933203425148464 0.004659467984689046 
0.1153740759372043 0.9933110931587419 0.004679188970502164 
0.1154534600983703 0.9933017762066489 0.0046989292429237 
0.1155333687085877 0.9932923913381073 0.004718688871887928 
0.1156138034269512 0.9932829382300156 0.004738467927640275 
0.115694765923332 0.9932734165566115 0.004758266480739089 
0.1157762578784467 0.9932638259894492 0.004778084602057412 
0.1158582809839265 0.9932541661973788 0.004797922362784741 
0.1159408369423871 0.9932444368465225 0.004817779834428821 
0.1160239274674985 0.9932346376002539 0.004837657088817459 
0.1161075542840559 0.9932247681191743 0.00485755419810033 
0.1161917191280524 0.9932148280610907 0.004877471234750809 
0.1162764237467493 0.9932048170809926 0.004897408271567835 
0.1163616698987497 0.9931947348310287 0.004917365381677741 
0.1164474593540723 0.9931845809604836 0.004937342638536157 
0.1165337938942245 0.9931743551157538 0.004957340115929883 
0.1166206753122772 0.9931640569403242 0.004977357887978794 
0.1167081054129394 0.9931536860747435 0.004997396029137761 
0.1167960860126352 0.9931432421566002 0.005017454614198582 
0.1168846189395789 0.9931327248204977 0.005037533718291935 
0.1169737060338527 0.9931221336980293 0.005057633416889327 
0.1170633491474845 0.9931114684177527 0.005077753785805088 
0.1171535501445257 0.9931007286051655 0.005097894901198355 
0.1172443109011302 0.9930899138826786 0.005118056839575079 
0.1173356333056348 0.9930790238695908 0.005138239677790057 
0.1174275192586385 0.993068058182062 0.005158443493048965 
0.1175199706730838 0.993057016433087 0.005178668362910411 
0.1176129894743394 0.993045898232469 0.005198914365288021 
0.1177065776002809 0.9930347031867921 0.00521918157845251 
0.1178007370013744 0.9930234308993937 0.00523947008103379 
0.1178954696407609 0.9930120809703379 0.005259779952023101 
0.1179907774943402 0.9930006529963861 0.005280111270775131 
0.1180866625508558 0.9929891465709706 0.005300464117010183 
0.1181831268119817 0.9929775612841645 0.005320838570816343 
0.1182801722924075 0.9929658967226531 0.005341234712651646 
0.1183778010199275 0.9929541524697064 0.005361652623346325 
0.1184760150355273 0.9929423281051475 0.005382092384104985 
0.1185748163934733 0.9929304232053243 0.005402554076508866 
0.1186742071614023 0.9929184373430791 0.005423037782518104 
0.1187741894204119 0.9929063700877178 0.005443543584473988 
0.118874765265151 0.9928942210049804 0.00546407156510126 
0.1189759368039122 0.9928819896570086 0.005484621807510429 
0.1190777061587245 0.9928696756023158 0.005505194395200106 
0.1191800754654466 0.9928572783957541 0.005525789412059307 
0.1192830468738608 0.9928447975884841 0.005546406942369886 
0.1193866225477687 0.9928322327279407 0.005567047070808865 
0.1194908046650871 0.9928195833578021 0.005587709882450856 
0.1195955954179435 0.9928068490179551 0.005608395462770483 
0.1197009970127747 0.9927940292444638 0.005629103897644813 
0.1198070116704254 0.9927811235695341 0.005649835273355833 
0.1199136416262466 0.9927681315214806 0.00567058967659291 
0.1200208891301957 0.9927550526246921 0.005691367194455304 
0.1201287564469378 0.9927418863995964 0.005712167914454676 
0.1202372458559476 0.992728632362626 0.005732991924517635 
0.1203463596516116 0.9927152900261812 0.005753839312988294 
0.120456100143331 0.992701858898596 0.00577471016863085 
0.1205664696556285 0.9926883384841001 0.005795604580632181 
0.1206774705282509 0.9926747282827834 0.005816522638604472 
0.1207891051162768 0.9926610277905582 0.005837464432587849 
0.1209013757902234 0.9926472364991225 0.005858430053053043 
0.1210142849361553 0.9926333538959211 0.005879419590904082 
0.1211278349557918 0.9926193794641088 0.005900433137480998 
0.1212420282666192 0.9926053126825102 0.005921470784562538 
0.1213568673019998 0.9925911530255814 0.005942532624368923 
0.1214723545112845 0.9925768999633705 0.005963618749564622 
0.1215884923599259 0.9925625529614772 0.00598472925326114 
0.1217052833295923 0.9925481114810134 0.006005864229019844 
0.1218227299182815 0.9925335749785611 0.006027023770854786 
0.1219408346404382 0.992518942906132 0.006048207973235574 
0.1220596000270695 0.9925042147111257 0.00606941693109026 
0.1221790286258636 0.9924893898362873 0.006090650739808244 
0.1222991230013087 0.9924744677196651 0.006111909495243197 
0.1224198857348124 0.9924594477945673 0.006133193293716036 
0.1225413194248234 0.9924443294895183 0.006154502232017891 
0.1226634266869534 0.9924291122282151 0.006175836407413112 
0.1227862101540997 0.9924137954294829 0.006197195917642282 
0.1229096724765704 0.9923983785072295 0.006218580860925303 
0.1230338163222096 0.9923828608704001 0.006239991335964443 
0.1231586443765228 0.9923672419229316 0.006261427441947454 
0.1232841593428057 0.9923515210637062 0.006282889278550694 
0.1234103639422727 0.9923356976865033 0.006304376945942293 
0.1235372609141865 0.9923197711799537 0.006325890544785313 
0.1236648530159883 0.9923037409274903 0.006347430176240968 
0.1237931430234318 0.9922876063073001 0.006368995941971854 
0.1239221337307152 0.9922713666922748 0.006390587944145207 
0.1240518279506163 0.9922550214499616 0.00641220628543619 
0.1241822285146276 0.9922385699425125 0.006433851069031197 
0.1243133382730936 0.9922220115266343 0.00645552239863121 
0.1244451600953496 0.9922053455535359 0.006477220378455151 
0.1245776968698605 0.9921885713688784 0.006498945113243282 
0.1247109515043607 0.9921716883127212 0.006520696708260638 
0.1248449269259977 0.9921546957194696 0.006542475269300468 
0.1249796260814735 0.99213759291782 0.006564280902687717 
0.1251150519371909 0.9921203792307078 0.006586113715282534 
0.1252512074793978 0.9921030539752511 0.006607973814483831 
0.1253880957143345 0.9920856164626954 0.006629861308232818 
0.1255257196683832 0.9920680659983581 0.006651776305016643 
0.125664082388216 0.9920504018815709 0.006673718913871963 
0.1258031869409476 0.9920326234056235 0.006695689244388666 
0.1259430364142865 0.9920147298577049 0.00671768740671352 
0.1260836339166904 0.9919967205188454 0.006739713511553906 
0.1262249825775197 0.9919785946638563 0.006761767670181563 
0.1263670855471951 0.9919603515612713 0.006783849994436383 
0.1265099459973554 0.9919419904732847 0.00680596059673022 
0.1266535671210176 0.9919235106556907 0.006828099590050734 
0.1267979521327362 0.9919049113578216 0.006850267087965272 
0.1269431042687682 0.9918861918224841 0.00687246320462479 
0.1270890267872345 0.991867351285897 0.006894688054767785 
0.1272357229682872 0.9918483889776264 0.006916941753724278 
0.1273831961142748 0.9918293041205211 0.00693922441741984 
0.1275314495499121 0.9918100959306464 0.006961536162379616 
0.1276804866224496 0.991790763617219 0.006983877105732429 
0.1278303107018451 0.9917713063825385 0.007006247365214881 
0.1279809251809363 0.9917517234219204 0.007028647059175515 
0.1281323334756166 0.9917320139236264 0.007051076306578989 
0.1282845390250102 0.9917121770687969 0.007073535227010315 
0.1284375452916517 0.9916922120313785 0.007096023940679106 
0.1285913557616631 0.9916721179780538 0.007118542568423876 
0.128745973944938 0.9916518940681704 0.007141091231716371 
0.1289014033753228 0.9916315394536668 0.00716367005266594 
0.1290576476108005 0.9916110532789995 0.007186279154023939 
0.12921471023368 0.9915904346810691 0.007208918659188189 
0.1293725948507808 0.9915696827891435 0.007231588692207438 
0.1295313050936251 0.9915487967247831 0.007254289377785894 
0.1296908446186286 0.991527775601764 0.007277020841287807 
0.1298512171072933 0.9915066185259985 0.007299783208742033 
0.1300124262664038 0.9914853245954577 0.007322576606846699 
0.1301744758282233 0.9914638929000906 0.00734540116297388 
0.1303373695506929 0.991442322521745 0.007368257005174328 
0.1305011112176322 0.9914206125340843 0.007391144262182217 
0.1306657046389418 0.9913987620025054 0.007414063063419955 
0.1308311536508083 0.9913767699840557 0.007437013539003059 
0.1309974621159092 0.9913546355273476 0.007459995819744999 
0.1311646339236232 0.991332357672474 0.007483010037162166 
0.1313326729902384 0.9913099354509205 0.007506056323478828 
0.1315015832591665 0.9912873678854789 0.007529134811632159 
0.1316713687011559 0.9912646539901585 0.007552245635277298 
0.1318420333145085 0.9912417927700958 0.007575388928792462 
0.1320135811252977 0.9912187832214643 0.007598564827284099 
0.1321860161875886 0.9911956243313823 0.00762177346659208 
0.1323593425836609 0.9911723150778206 0.007645014983294952 
0.1325335644242335 0.9911488544295081 0.007668289514715237 
0.1327086858486914 0.9911252413458368 0.007691597198924741 
0.1328847110253144 0.9911014747767649 0.007714938174749981 
0.1330616441515073 0.9910775536627214 0.007738312581777579 
0.1332394894540344 0.9910534769345049 0.007761720560359783 
0.1334182511892543 0.9910292435131857 0.007785162251619966 
0.1335979336433592 0.9910048523100039 0.007808637797458229 
0.1337785411326114 0.9909803022262683 0.007832147340557014 
0.1339600780035895 0.9909555921532516 0.007855691024386812 
0.1341425486334317 0.990930720972087 0.007879268993211857 
0.1343259574300805 0.9909056875536614 0.007902881392095952 
0.1345103088325361 0.9908804907585093 0.00792652836690827 
0.1346956073111047 0.9908551294367031 0.007950210064329269 
0.1348818573676551 0.990829602427744 0.00797392663185662 
0.135069063535874 0.9908039085604511 0.007997678217811208 
0.1352572303815253 0.9907780466528479 0.008021464971343175 
0.1354463625027125 0.9907520155120496 0.008045287042438036 
0.1356364645301414 0.9907258139341479 0.00806914458192283 
0.1358275411273886 0.990699440704093 0.008093037741472348 
0.1360195969911699 0.9906728945955769 0.008116966673615389 
0.1362126368516116 0.9906461743709136 0.008140931531741119 
0.1364066654725261 0.9906192787809175 0.008164932470105416 
0.1366016876516892 0.9905922065647815 0.008188969643837361 
0.1367977082211191 0.9905649564499531 0.008213043208945718 
0.1369947320473602 0.9905375271520087 0.008237153322325505 
0.1371927640317677 0.9905099173745265 0.008261300141764632 
0.1373918091107961 0.9904821258089579 0.008285483825950568 
0.1375918722562904 0.9904541511344976 0.008309704534477101 
0.1377929584757807 0.9904259920179512 0.008333962427851156 
0.1379950728127768 0.9903976471136028 0.008358257667499652 
0.1381982203470713 0.9903691150630777 0.00838259041577645 
0.1384024061950392 0.9903403944952088 0.008406960835969365 
0.1386076355099446 0.9903114840258956 0.008431369092307206 
0.1388139134822508 0.9902823822579647 0.008455815349966931 
0.1390212453399293 0.9902530877810279 0.008480299775080843 
0.1392296363487779 0.9902235991713385 0.008504822534743857 
0.1394390918127353 0.9901939149916459 0.008529383797020821 
0.1396496170742056 0.9901640337910474 0.008553983730953943 
0.1398612175143788 0.99013395410484 0.008578622506570235 
0.1400738985535625 0.9901036744543686 0.008603300294889087 
0.1402876656515079 0.9900731933468733 0.008628017267929841 
0.1405025243077488 0.9900425092753341 0.008652773598719526 
0.1407184800619351 0.9900116207183141 0.008677569461300567 
0.1409355384941769 0.9899805261398009 0.008702405030738656 
0.1411537052253848 0.9899492239890458 0.008727280483130625 
0.1413729859176219 0.9899177127003993 0.008752195995612446 
0.1415933862744508 0.9898859906931482 0.008777151746367276 
0.1418149120412911 0.9898540563713469 0.008802147914633594 
0.1420375690057767 0.9898219081236492 0.00882718468071342 
0.1422613629981173 0.9897895443231355 0.008852262225980581 
0.1424862998914636 0.9897569633271408 0.008877380732889085 
0.1427123856022786 0.9897241634770771 0.008902540384981594 
0.1429396260907073 0.9896911430982569 0.008927741366897904 
0.1431680273609551 0.9896579004997115 0.00895298386438359 
0.1433975954616692 0.9896244339740087 0.008978268064298699 
0.1436283364863201 0.989590741797068 0.009003594154626501 
0.1438602565735928 0.9895568222279726 0.009028962324482364 
0.1440933619077775 0.9895226735087795 0.009054372764122704 
0.1443276587191656 0.9894882938643277 0.009079825664954006 
0.1445631532844502 0.9894536815020425 0.00910532121954195 
0.1447998519271303 0.9894188346117389 0.009130859621620621 
0.1450377610179198 0.9893837513654204 0.009156441066101806 
0.1452768869751595 0.9893484299170773 0.009182065749084353 
0.1455172362652335 0.989312868402482 0.009207733867863712 
0.145758815402991 0.9892770649389795 0.009233445620941451 
0.1460016309521717 0.9892410176252777 0.009259201208034924 
0.1462456895258349 0.989204724541234 0.00928500083008707 
0.146490997786794 0.9891681837476385 0.009310844689276229 
0.1467375624480556 0.9891313932859954 0.009336732989026108 
0.1469853902732633 0.9890943511783011 0.009362665934015834 
0.147234488077142 0.9890570554268189 0.009388643730190094 
0.1474848627259555 0.9890195040138507 0.009414666584769384 
0.1477365211379583 0.988981694901508 0.009440734706260365 
0.1479894702838626 0.9889436260314752 0.009466848304466315 
0.1482437171873001 0.988905295324774 0.009493007590497655 
0.1484992689252959 0.988866700681524 0.009519212776782663 
0.1487561326287453 0.9888278399806977 0.009545464077078196 
0.1490143154828945 0.9887887110798742 0.009571761706480572 
0.1492738247278254 0.9887493118149894 0.00959810588143655 
0.1495346676589496 0.9887096400000833 0.009624496819754438 
0.1497968516275025 0.9886696934270415 0.009650934740615277 
0.1500603840410476 0.9886294698653373 0.009677419864584149 
0.150325272363981 0.9885889670617657 0.009703952413621621 
0.1505915241180444 0.9885481827401783 0.009730532611095277 
0.1508591468828446 0.9885071146012102 0.00975716068179136 
0.1511281482963737 0.9884657603220074 0.009783836851926587 
0.1513985360555396 0.9884241175559477 0.009810561349160007 
0.1516703179166996 0.9883821839323585 0.009837334402605018 
0.1519435016962011 0.9883399570562315 0.009864156242841527 
0.1522180952709256 0.9882974345079323 0.009891027101928166 
0.1524941065788407 0.9882546138429068 0.009917947213414718 
0.1527715436195578 0.988211492591385 0.009944916812354597 
0.1530504144548942 0.9881680682580762 0.009971936135317491 
0.1533307272094427 0.9881243383218664 0.009999005420402132 
0.1536124900711464 0.9880803002355053 0.01002612490724919 
0.1538957112918801 0.9880359514252939 0.01005329483705427 
0.1541803991880373 0.987991289290765 0.01008051545258113 
0.1544665621411248 0.9879463112043596 0.01010778699817492 
0.1547542085983599 0.9879010145111015 0.01013510971977564 
0.1550433470732817 0.9878553965282615 0.01016248386493171 
0.1553339861463587 0.9878094545450247 0.01018990968281367 
0.1556261344656108 0.9877631858221456 0.01021738742422802 
0.1559198007472364 0.9877165875916052 0.01024491734163125 
0.1562149937762426 0.9876696570562573 0.01027249968914395 
0.1565117224070874 0.9876223913894743 0.01030013472256511 
0.1568099955643232 0.9875747877347858 0.01032782269938651 
0.1571098222432523 0.987526843205513 0.01035556387880737 
0.1574112115105884 0.9874785548843973 0.01038335852174907 
0.1577141725051219 0.9874299198232249 0.01041120689086998 
0.1580187144383949 0.9873809350424442 0.01043910925058057 
0.158324846595385 0.9873315975307801 0.01046706586705859 
0.1586325783351935 0.9872819042448411 0.01049507700826443 
0.1589419190917432 0.9872318521087207 0.01052314294395664 
0.1592528783744822 0.9871814380135956 0.01055126394570763 
0.159565465769097 0.9871306588173151 0.01057944028691949 
0.1598796909382315 0.9870795113439869 0.01060767224284005 
0.1601955636222164 0.9870279923835553 0.01063596009057902 
0.1605130936398018 0.9869760986913757 0.01066430410912441 
0.160832290888906 0.9869238269877798 0.01069270457935897 
0.1611531653473628 0.9868711739576371 0.01072116178407699 
0.1614757270736846 0.986818136249911 0.01074967600800116 
0.1617999862078293 0.9867647104772038 0.01077824753779957 
0.1621259529719772 0.9867108932153016 0.01080687666210304 
0.1624536376713184 0.9866566810027063 0.01083556367152248 
0.1627830506948449 0.9866020703401666 0.01086430885866659 
0.1631142025161545 0.9865470576901972 0.01089311251815958 
0.1634471036942617 0.9864916394765958 0.01092197494665919 
0.1637817648744201 0.9864358120839478 0.01095089644287492 
0.1641181967889494 0.9863795718571294 0.01097987730758634 
0.1644564102580759 0.9863229151007995 0.01100891784366176 
0.1647964161907823 0.986265838078885 0.01103801835607693 
0.1651382255856615 0.9862083370140601 0.01106717915193406 
0.1654818495317875 0.9861504080872167 0.01109640054048105 
0.1658272992095897 0.9860920474369267 0.0111256828331308 
0.1661745858917393 0.9860332511588973 0.0111550263434809 
0.1665237209440473 0.9859740153054193 0.0111844313873334 
0.1668747158263704 0.9859143358848034 0.01121389828271488 
0.1672275820935258 0.9858542088608135 0.01124342734989669 
0.1675823313962203 0.9857936301520874 0.01127301891141544 
0.1679389754819842 0.9857325956315506 0.01130267329209367 
0.1682975261961229 0.9856711011258213 0.0113323908190608 
0.168657995482671 0.9856091424146084 0.01136217182177428 
0.1690203953853637 0.9855467152300954 0.01139201663204102 
0.1693847380486153 0.985483815256321 0.01142192558403892 
0.1697510357185103 0.9854204381285473 0.01145189901433882 
0.170119300743806 0.9853565794326192 0.01148193726192658 
0.1704895455769439 0.9852922347043138 0.0115120406682254 
0.1708617827750753 0.9852273994286807 0.01154220957711841 
0.1712360250010982 0.9851620690393723 0.01157244433497159 
0.1716122850247039 0.9850962389179647 0.01160274529065676 
0.1719905757234366 0.9850299043932658 0.01163311279557504 
0.1723709100837645 0.9849630607406159 0.01166354720368035 
0.1727533012021668 0.9848957031811766 0.0116940488715034 
0.1731377622862247 0.9848278268812085 0.01172461815817574 
0.1735243066557348 0.9847594269513387 0.01175525542545425 
0.1739129477438252 0.9846904984458164 0.01178596103774575 
0.1743036990980955 0.9846210363617578 0.01181673536213204 
0.1746965743817562 0.9845510356383798 0.01184757876839507 
0.1750915873747943 0.9844804911562207 0.0118784916290425 
0.1754887519751437 0.9844093977363501 0.01190947431933353 
0.1758880821998718 0.9843377501395666 0.01194052721730498 
0.1762895921863782 0.9842655430655829 0.01197165070379767 
0.1766932961936128 0.9841927711521975 0.01200284516248314 
0.1770992086032962 0.9841194289744563 0.01203411097989067 
0.1775073439211678 0.9840455110437981 0.01206544854543454 
0.177917716778237 0.9839710118071892 0.01209685825144164 
0.1783303419320564 0.983895925646243 0.01212834049317946 
0.1787452342680045 0.9838202468763274 0.01215989566888425 
0.1791624088005855 0.9837439697456577 0.01219152417978966 
0.179581880674745 0.9836670884343741 0.01222322643015556 
0.180003665167198 0.9835895970536076 0.01225500282729734 
0.1804277776877743 0.9835114896445289 0.01228685378161538 
0.1808542337807785 0.9834327601773836 0.01231877970662502 
0.1812830491263676 0.9833534025505113 0.01235078101898675 
0.1817142395419402 0.9832734105893515 0.01238285813853682 
0.1821478209835467 0.9831927780454303 0.01241501148831812 
0.1825838095473136 0.9831114985953349 0.01244724149461157 
0.1830222214708808 0.9830295658396696 0.01247954858696765 
0.1834630731348647 0.9829469733019957 0.01251193319823853 
0.1839063810643273 0.9828637144277548 0.01254439576461036 
0.184352161930271 0.9827797825831759 0.0125769367256361 
0.1848004325511445 0.9826951710541633 0.01260955652426863 
0.1852512098943726 0.982609873045168 0.01264225560689427 
0.1857045110778955 0.9825238816780415 0.01267503442336669 
0.1861603533717356 0.9824371899908704 0.01270789342704125 
0.1866187541995729 0.9823497909367922 0.01274083307480965 
0.1870797311403484 0.9822616773827929 0.0127738538271351 
0.1875433019298761 0.9821728421084857 0.01280695614808781 
0.1880094844624819 0.9820832778048681 0.0128401405053809 
0.1884782967926588 0.9819929770730613 0.01287340737040682 
0.1889497571367394 0.9819019324230275 0.01290675721827406 
0.1894238838745911 0.9818101362722674 0.01294019052784441 
0.1899006955513301 0.9817175809444966 0.0129737077817706 
0.1903802108790527 0.9816242586682999 0.01300730946653435 
0.1908624487385927 0.9815301615757641 0.01304099607248497 
0.1913474281812928 0.9814352817010892 0.01307476809387829 
0.1918351684308011 0.981339610979176 0.01310862602891618 
0.1923256888848889 0.9812431412441899 0.0131425703797864 
0.1928190091172848 0.9811458642281047 0.01317660165270301 
0.1933151488795372 0.9810477715592175 0.01321072035794726 
0.193814128102893 0.9809488547606433 0.01324492700990891 
0.1943159669002017 0.980849105248783 0.01327922212712807 
0.1948206855678387 0.9807485143317666 0.01331360623233755 
0.1953283045876586 0.9806470732078703 0.0133480798525057 
0.1958388446289582 0.9805447729639077 0.01338264351887971 
0.196352326550477 0.980441604573595 0.01341729776702954 
0.1968687714024109 0.9803375588958879 0.01345204313689226 
0.1973882004284544 0.9802326266732915 0.01348688017281695 
0.1979106350678672 0.9801267985301417 0.01352180942361022 
0.1984360969575609 0.9800200649708591 0.0135568314425821 
0.1989646079342145 0.9799124163781718 0.01359194678759266 
0.1994961900364131 0.9798038430113101 0.01362715602109906 
0.2000308655068125 0.9796943350041698 0.01366245971020326 
0.2005686567943274 0.979583882363446 0.01369785842670018 
0.2011095865563475 0.9794724749667333 0.01373335274712658 
0.2016536776609796 0.9793601025605967 0.01376894325281041 
0.2022009531893139 0.9792467547586079 0.01380463052992081 
0.2027514364377193 0.9791324210393489 0.01384041516951872 
0.203305150920165 0.979017090744382 0.01387629776760803 
0.2038621203705688 0.9789007530761857 0.01391227892518747 
0.2044223687451745 0.9787833970960542 0.01394835924830296 
0.2049859202249561 0.9786650117219626 0.01398453934810072 
0.2055527992180502 0.9785455857263951 0.01402081984088102 
0.2061230303622164 0.9784251077341354 0.01405720134815247 
0.2066966385273321 0.9783035662200201 0.01409368449668704 
0.207273648817906 0.9781809495066542 0.01413026991857581 
0.2078540865756325 0.9780572457620851 0.01416695825128524 
0.2084379773819697 0.9779324429974389 0.01420375013771426 
0.2090253470607477 0.9778065290645142 0.01424064622625193 
0.2096162216808103 0.9776794916533366 0.01427764717083595 
0.2102106275586879 0.9775513182896671 0.01431475363101173 
0.2108085912612962 0.9774219963324723 0.01435196627199222 
0.2114101396086762 0.9772915129713454 0.01438928576471853 
0.2120152996767561 0.9771598552238869 0.01442671278592124 
0.212624098800153 0.9770270099330373 0.01446424801818241 
0.2132365645750058 0.9768929637643621 0.0145018921499984 
0.2138527248618373 0.9767577032032929 0.01453964587584345 
0.2144726077884554 0.9766212145523178 0.01457750989623399 
0.2150962417528854 0.9764834839281216 0.01461548491779382 
0.2157236554263365 0.9763444972586777 0.01465357165331992 
0.2163548777562041 0.976204240280289 0.01469177082184928 
0.2169899379691058 0.9760626985345743 0.01473008314872631 
0.2176288655739538 0.9759198573654037 0.01476850936567126 
0.2182716903650638 0.9757757019157791 0.01480705021084939 
0.2189184424252988 0.9756302171246577 0.0148457064289409 
0.2195691521292475 0.9754833877237237 0.01488447877121191 
0.2202238501464469 0.9753351982340961 0.01492336799558611 
0.2208825674446332 0.9751856329629836 0.0149623748667174 
0.2215453352930361 0.9750346760002763 0.01500150015606334 
0.2222121852657107 0.9748823112150783 0.01504074464195951 
0.2228831492449057 0.9747285222521769 0.01508010910969484 
0.223558259424473 0.9745732925284497 0.01511959435158773 
0.2242375483133147 0.9744166052292061 0.01515920116706325 
0.2249210487388698 0.974258443304463 0.01519893036273109 
0.2256087938506453 0.9740987894651549 0.01523878275246463 
0.2263008171237805 0.9739376261792728 0.01527875915748087 
0.2269971523626561 0.9737749356679365 0.01531886040642132 
0.2276978337045488 0.9736106999013919 0.01535908733543398 
0.2284028956233183 0.9734449005949399 0.01539944078825612 
0.2291123729331448 0.9732775192047879 0.01543992161629829 
0.2298263007923029 0.9731085369238268 0.01548053067872914 
0.2305447147069834 0.972937934677332 0.01552126884256143 
0.2312676505351549 0.9727656931185845 0.01556213698273891 
0.2319951444904702 0.9725917926244114 0.0156031359822244 
0.2327272331462162 0.9724162132906474 0.01564426673208886 
0.2334639534393107 0.9722389349275096 0.01568553013160152 
0.234205342674339 0.9720599370548887 0.01572692708832111 
0.2349514385276419 0.9718791988975543 0.01576845851818819 
0.2357022790514433 0.9716966993802704 0.01581012534561862 
0.2364579026780285 0.9715124171228203 0.01585192850359801 
0.2372183482239663 0.9713263304349414 0.01589386893377749 
0.2379836548943782 0.9711384173111637 0.0159359475865705 
0.2387538622872535 0.9709486554255536 0.01597816542125073 
0.2395290103978171 0.9707570221263601 0.01602052340605129 
0.2403091396229357 0.9705634944305612 0.01606302251826503 
0.2410942907655813 0.970368049018307 0.01610566374434598 
0.2418845050393388 0.9701706622272604 0.01614844808001212 
0.2426798240729609 0.9699713100468329 0.01619137653034924 
0.243480289914976 0.9697699681123085 0.01623445010991608 
0.244285945038343 0.9695666116988614 0.01627766984285074 
0.245096832345156 0.9693612157154587 0.0163210367629782 
0.2459129951714006 0.9691537546986482 0.01636455191391928 
0.2467344772917574 0.9689442028062302 0.0164082163492007 
0.24756132292446 0.9687325338108094 0.0164520311323666 
0.2483935767362016 0.9685187210932226 0.01649599733709111 
0.2492312838470911 0.9683027376358453 0.01654011604729242 
0.2500744898356655 0.9680845560157684 0.01658438835724815 
0.2509232407439493 0.9678641483978458 0.01662881537171188 
0.2517775830825665 0.9676414865276108 0.01667339820603124 
0.2526375638359071 0.9674165417240549 0.01671813798626711 
0.2535032304673428 0.9671892848722714 0.01676303584931439 
0.254374630924498 0.9669596864159561 0.01680809294302395 
0.2552518136445702 0.966727716349765 0.01685331042632609 
0.256134827559705 0.9664933442115257 0.01689868946935533 
0.2570237221024238 0.9662565390742984 0.0169442312535765 
0.2579185472111042 0.9660172695382852 0.01698993697191245 
0.258819353335511 0.9657755037225813 0.01703580782887292 
0.2597261914423873 0.9655312092567688 0.017081845040685 
0.2606391130210876 0.9652843532723484 0.01712804983542492 
0.2615581700892723 0.9650349023940031 0.01717442345315135 
0.2624834151986556 0.9647828227306937 0.01722096714604006 
0.2634149014407987 0.9645280798665822 0.01726768217852005 
0.2643526824529632 0.9642706388517771 0.01731456982741116 
0.265296812424015 0.9640104641928998 0.0173616313820631 
0.2662473461003778 0.9637475198434666 0.01740886814449597 
0.2672043387920435 0.9634817691940827 0.0174562814295422 
0.2681678463786321 0.9632131750624444 0.01750387256499003 
0.2691379253155034 0.9629416996831468 0.01755164289172836 
0.270114632639922 0.9626673046972906 0.01759959376389321 
0.2710980259772711 0.962389951141884 0.0176477265490155 
0.2720881635473172 0.9621095994390402 0.01769604262817046 
0.2730851041705303 0.9618262093849561 0.01774454339612834 
0.2740889072744458 0.9615397401386805 0.01779323026150689 
0.2750996329000809 0.9612501502106561 0.01784210464692486 
0.2761173417084009 0.9609573974510368 0.01789116798915745 
0.2771420949868287 0.9606614390377745 0.01794042173929293 
0.2781739546558065 0.9603622314644693 0.01798986736289079 
0.2792129832754006 0.9600597305279785 0.01803950634014141 
0.2802592440519541 0.9597538913157816 0.01808934016602711 
0.2813128008447853 0.9594446681930909 0.01813937035048464 
0.2823737181729269 0.9591320147897096 0.01818959841856918 
0.2834420612219104 0.9588158839866259 0.01824002591061969 
0.2845178958505937 0.9584962279023395 0.01829065438242566 
0.2856012885980247 0.9581729978789172 0.01834148540539535 
0.2866923066903503 0.9578461444677682 0.01839252056672531 
0.2877910180477576 0.9575156174151358 0.01844376146957128 
0.2888974912914555 0.9571813656472986 0.01849520973322047 
0.290011795750692 0.9568433372554742 0.01854686699326519 
0.2911340014697999 0.9565014794804219 0.01859873490177768 
0.2922641792152793 0.9561557386967352 0.01865081512748631 
0.2934024004829093 0.955806060396818 0.01870310935595297 
0.2945487375048834 0.9554523891745403 0.01875561928975175 
0.2957032632569751 0.9550946687085632 0.01880834664864869 
0.2968660514657276 0.954732841745329 0.01886129316978287 
0.2980371766156595 0.9543668500817075 0.01891446060784839 
0.2992167139564957 0.9539966345472929 0.01896785073527762 
0.3004047395104095 0.9536221349863424 0.01902146534242546 
0.3016013300792813 0.9532432902393513 0.01907530623775441 
0.3028065632519689 0.9528600381242525 0.0191293752480209 
0.3040205174115805 0.9524723154172381 0.01918367421846218 
0.3052432717427578 0.9520800578331925 0.0192382050129844 
0.3064749062389579 0.9516832000057269 0.01929296951435107 
0.3077155017097308 0.9512816754668107 0.01934796962437263 
0.3089651397879964 0.9508754166259903 0.01940320726409646 
0.310223902937304 0.9504643547491822 0.01945868437399744 
0.3114918744590844 0.9500484199370418 0.01951440291416921 
0.3127691384998817 0.9496275411028851 0.01957036486451567 
0.3140557800585589 0.9492016459501686 0.01962657222494297 
0.3153518849934803 0.9487706609495068 0.01968302701555171 
0.3166575400296611 0.9483345113152226 0.01973973127682925 
0.3179728327658755 0.9478931209814234 0.01979668706984222 
0.3192978516817254 0.9474464125775865 0.01985389647642891 
0.3206326861446595 0.9469943074036498 0.01991136159939154 
0.3219774264169366 0.9465367254045953 0.0199690845626883 
0.3233321636625289 0.9460735851445131 0.02002706751162499 
0.3246969899539571 0.9456048037801397 0.02008531261304614 
0.3260719982790505 0.9451302970338546 0.02014382205552554 
0.3274572825476294 0.9446499791661301 0.02020259804955597 
0.3288529375980916 0.9441637629474173 0.02026164282773799 
0.3302590592039098 0.9436715596294603 0.02032095864496765 
0.3316757440800177 0.9431732789160272 0.02038054777862296 
0.3331030898890862 0.9426688289330445 0.02044041252874894 
0.3345411952476776 0.9421581161981247 0.02050055521824104 
0.3359901597322639 0.9416410455894718 0.02056097819302678 
0.3374500838851083 0.9411175203141576 0.02062168382224538 
0.3389210692199955 0.9405874418757498 0.02068267449842527 
0.3404032182277933 0.940050710041287 0.02074395263765897 
0.3418966343818497 0.9395072228075775 0.02080552067977554 
0.3434014221432004 0.9389568763668191 0.02086738108850998 
0.3449176869655787 0.9383995650715207 0.02092953635166954 
0.346445535300221 0.9378351813987106 0.02099198898129648 
0.3479850746004454 0.9372636159134252 0.02105474151382739 
0.349536413325996 0.9366847572314552 0.02111779651024821 
0.3510996609471407 0.936098491981342 0.0211811565562451 
0.3526749279484977 0.9355047047656061 0.02124482426235073 
0.354262325832586 0.9349032781211952 0.02130880226408547 
0.355861967123082 0.9342940924791349 0.02137309322209335 
0.357473965367757 0.933677026123371 0.02143769982227234 
0.3590984351410876 0.9330519551487844 0.02150262477589852 
0.3607354920465231 0.932418753418364 0.02156787081974387 
0.362385252718374 0.9317772925195266 0.02163344071618697 
0.3640478348233264 0.9311274417195613 0.02169933725331668 
0.3657233570615382 0.9304690679201889 0.02176556324502767 
0.3674119391673157 0.9298020356112174 0.021832121531108 
0.3691137019093353 0.9291262068232763 0.02189901497731769 
0.3708287670903912 0.928441441079619 0.02196624647545815 
0.3725572575466484 0.9277475953469717 0.02203381894343165 
0.3742992971463737 0.9270445239854134 0.02210173532529048 
0.3760550107881139 0.9263320786972751 0.02216999859127501 
0.3778245243983062 0.9256101084750358 0.02223861173784011 
0.379607964928281 0.9248784595482026 0.02230757778766938 
0.3814054603506334 0.9241369753291576 0.02237689978967633 
0.3832171396549374 0.9233854963579538 0.02244658081899189 
0.3850431328427594 0.9226238602460454 0.02251662397693751 
0.3868835709219528 0.9218519016189352 0.0225870323909832 
0.3887385859001916 0.9210694520577208 0.02265780921468937 
0.390608310777706 0.9202763400395277 0.02272895762763205 
0.392492879539191 0.9194723908768074 0.02280048083531029 
0.3943924271448478 0.9186574266554882 0.02287238206903506 
0.3963070895205102 0.9178312661719624 0.0229446645857985 
0.3982370035468321 0.9169937248688892 0.02301733166812275 
0.4001823070474747 0.9161446147698081 0.02309038662388718 
0.4021431387762658 0.915283744412534 0.02316383278613291 
0.4041196384032785 0.9144109187813287 0.02323767351284375 
0.4061119464997773 0.9135259392378311 0.02331191218670208 
0.4081202045219938 0.9126286034507298 0.02338655221481875 
0.410144554793675 0.911718705324166 0.02346159702843558 
0.4121851404873467 0.9107960349248538 0.02353705008259909 
0.4142421056042521 0.9098603784079007 0.02361291485580438 
0.4163155949528907 0.9089115179413219 0.02368919484960746 
0.4184057541261142 0.9079492316292315 0.02376589358820463 
0.4205127294767141 0.906973293433699 0.02384301461797758 
0.4226366680914319 0.9059834730952671 0.02392056150700222 
0.424777717763334 0.9049795360521135 0.02399853784452012 
0.4269360269624877 0.9039612433578502 0.02407694724037027 
0.4291117448048534 0.9029283515979573 0.02415579332437982 
0.4313050210193385 0.9018806128048363 0.02423507974571182 
0.4335160059129295 0.9008177743714831 0.02431481017216783 
0.4357448503338208 0.8997395789637765 0.02439498828944377 
0.4379917056324735 0.8986457644313739 0.02447561780033658 
0.4402567236205079 0.8975360637172189 0.02455670242389981 
0.442540056527353 0.896410204765657 0.02463824589454582 
0.4448418569545646 0.8952679104291601 0.02472025196109203 
0.4471622778277136 0.8941088983736687 0.02480272438574936 
0.4495014723457589 0.8929328809825486 0.0248856669430498 
0.4518595939278058 0.891739565259178 0.02496908341871086 
0.4542367961571422 0.8905286527281679 0.02505297760843422 
0.4566332327224623 0.8892998393352313 0.02513735331663554 
0.459049057356156 0.8880528153457145 0.0252222143551029 
0.4614844237695675 0.8867872652418075 0.02530756454158068 
0.4639394855851005 0.8855028676184519 0.02539340769827593 
0.4664143962650533 0.8841992950779727 0.02547974765028382 
0.468909309037069 0.8828762141234561 0.02556658822392918 
0.4714243768160717 0.8815332850509041 0.0256539332450205 
0.4739597521225569 0.8801701618402019 0.02574178653701303 
0.4765155869971145 0.8787864920449295 0.02583015191907704 
0.4790920329110405 0.8773819166810614 0.02591903320406788 
0.4816892406728961 0.8759560701146037 0.02600843419639374 
0.4843073603308818 0.8745085799482092 0.02609835868977686 
0.486946541070863 0.8730390669068342 0.0261888104649047 
0.4896069311099099 0.8715471447224931 0.02627979328696607 
0.49228867758519 0.8700324200181728 0.02637131090306827 
0.494991926438047 0.8684944921909881 0.02646336703953058 
0.4977168222931146 0.8669329532946413 0.02655596539904934 
0.5004635083322921 0.8653473879212811 0.02664910965773002 
0.5032321261633995 0.8637373730828475 0.02674280346198098 
0.5060228156833571 0.8621024780919953 0.02683705042526426 
0.5088357149356854 0.8604422644427085 0.02693185412469775 
0.5116709599621589 0.8587562856907149 0.02702721809750359 
0.5145286846484193 0.8570440873338175 0.02712314583729723 
0.5174090205633476 0.855305206692283 0.02721964079021147 
0.5203120967920124 0.8535391727894162 0.02731670635084959 
0.5232380397619856 0.8517455062324716 0.02741434585806181 
0.526186973062819 0.8499237190940664 0.02751256259053863 
0.5291590172584841 0.8480733147942559 0.02761135976221534 
0.5321542896925536 0.8461937879834539 0.02771074051748057 
0.5351729042859127 0.8442846244263992 0.02781070792618326 
0.5382149713267917 0.8423453008873525 0.02791126497843049 
0.5412805972528807 0.8403752850167652 0.0280124145791702 
0.5443698844253214 0.8383740352396286 0.02811415954255119 
0.5474829308943426 0.8363410006457603 0.02821650258605392 
0.5506198301563059 0.8342756208822846 0.02831944632438464 
0.5537806709019442 0.8321773260485753 0.02842299326312574 
0.5569655367555546 0.8300455365939576 0.02852714579213503 
0.5601745060049089 0.8278796632184722 0.02863190617868626 
0.5634076513216655 0.8256791067770209 0.02873727656034374 
0.5666650394720284 0.8234432581872444 0.02884325893756314 
0.5699467310174429 0.821171498341484 0.02894985516601116 
0.5732527800050806 0.8188631980232054 0.02905706694859608 
0.576583233647894 0.8165177178282947 0.02916489582720183 
0.5799381319940086 0.8141344080916308 0.02927334317411762 
0.5833175075852373 0.8117126088193872 0.02938241018315559 
0.5867213851044828 0.8092516496275228 0.02949209786044884 
0.5901497810118346 0.8067508496869443 0.02960240701492223 
0.5936027031691296 0.8042095176758581 0.02971333824842843 
0.5970801504527936 0.801626951739839 0.02982489194554197 
0.6005821123547613 0.799002439460174 0.02993706826300382 
0.6041085685712875 0.7963352578310796 0.03004986711880961 
0.6076594885794854 0.7936246732463854 0.03016328818093473 
0.611234831201427 0.7908699414963362 0.03027733085568933 
0.6148345441556464 0.7880703077751784 0.03039199427569728 
0.6184585635959334 0.7852250067002188 0.03050727728749304 
0.6221068136372845 0.7823332623430853 0.03062317843873047 
0.625779205868913 0.7793942882739467 0.03073969596499894 
0.6294756388542548 0.7764072876194653 0.03085682777624146 
0.6331959976178928 0.7733714531353082 0.03097457144277132 
0.6369401531193876 0.7702859672940517 0.0310929241808829 
0.6407079617139971 0.7671500023893623 0.03121188283805433 
0.6444992646003094 0.7639627206573606 0.0313314438777396 
0.6483138872548488 0.7607232744161023 0.03145160336374848 
0.6521516388537428 0.757430806224149 0.03157235694421429 
0.656012311681565 0.7540844490592341 0.03169369983514924 
0.6598956805275339 0.7506833265180449 0.03181562680358949 
0.6638015020692586 0.7472265530381961 0.03193813215033196 
0.6677295142442918 0.7437132341434772 0.03206120969226689 
0.671679435609792 0.7401424667134957 0.03218485274431154 
0.6756509646906335 0.7365133392788743 0.03230905410095092 
0.6796437793163844 0.7328249323431675 0.03243380601739423 
0.6836575359476161 0.729076318732702 0.03255910019035615 
0.6876918689920603 0.7252665639755755 0.03268492773847476 
0.6917463901112209 0.7213947267110501 0.03281127918237902 
0.6958206875180994 0.7174598591306104 0.03293814442442125 
0.6999143252667641 0.7134610074519832 0.03306551272809177 
0.7040268425345905 0.7093972124273987 0.03319337269713521 
0.7081577528980568 0.7052675098874257 0.03332171225439057 
0.7123065436030861 0.7010709313216835 0.03345051862037914 
0.7164726748310034 0.6968065044977623 0.03357977829166713 
0.720655578961271 0.6924732541196797 0.03370947701903321 
0.7248546598322728 0.6880702025271833 0.03383959978547318 
0.7290692920015113 0.6835963704372106 0.03397013078407721 
0.733298820006682 0.6790507777288112 0.03410105339581873 
0.7375425576292235 0.6744324442727878 0.03423235016729698 
0.7417997871620207 0.6697403908073144 0.0343640027884783 
0.7460697586830893 0.6649736398607317 0.03449599207048554 
0.7503516893371693 0.6601312167226893 0.03462829792348778 
0.7546447626272775 0.6552121504647631 0.03476089933474723 
0.7589481277184152 0.6502154750115849 0.03489377434688301 
0.7632608987557377 0.6451402302634851 0.03502690003641642 
0.7675821541996209 0.6399854632715665 0.03516025249266572 
0.7719109361802161 0.634750229466011 0.03529380679706298 
0.7762462498741849 0.6294335939383661 0.03542753700296943 
0.7805870629064677 0.624034632778401 0.03556141611606999 
0.7849323047800618 0.6185524344660378 0.03569541607543247 
0.7892808663369038 0.6129861013187098 0.0358295077353201 
0.7936315992531142 0.6073347509943464 0.03596366084785133 
0.7979833155719656 0.6015975180500329 0.03609784404660457 
0.8023347872780523 0.595773555556227 0.0362320248312694 
0.8066847459163 0.5898620367661952 0.03636616955345038 
0.8110318822595256 0.5838621568401564 0.0365002434037332 
0.8153748460283815 0.5777731346234027 0.03663421040012615 
0.8197122456676356 0.5715942144774004 0.03676803337799433 
0.8240426481827929 0.5653246681626806 0.03690167398160655 
0.8283645790411802 0.5589637967720136 0.03703509265741807 
0.8326765221416631 0.5525109327121179 0.03716824864921504 
0.836976919857217 0.5459654417318647 0.03730109999524867 
0.8412641731546306 0.5393267249946012 0.03743360352748908 
0.8455366417956258 0.5325942211919372 0.03756571487313001 
0.8497926446236842 0.5257674086959893 0.03769738845847676 
0.8540304599408636 0.5188458077467353 0.03782857751534929 
0.8582483259788458 0.5118289826707737 0.03795923409013302 
0.8624444414683856 0.5047165441274447 0.0380893090556082 
0.8666169663112659 0.4975081513778578 0.03821875212568668 
0.8707640223587274 0.4902035145720458 0.03834751187318303 
0.8748836943002209 0.4828023970490316 0.03847553575074365 
0.8789740306661511 0.4753046176442479 0.03860277011505183 
0.8830330449480687 0.4677100529983607 0.03872916025442349 
0.8870587168395596 0.460018639861149 0.03885465041990053 
0.8910489936007893 0.4522303773837329 0.03897918385994228 
0.8950017915493632 0.4443453293920911 0.03910270285880723 
0.8989149976798456 0.436363626634406 0.03922514877870739 
0.9027864714138748 0.4282854689945029 0.03934646210580795 
0.9066140464824368 0.4201111276632675 0.03946658250013257 
0.9103955329413952 0.4118409472596704 0.03958544884942256 
0.9141287193208969 0.4034753478927535 0.03970299932698372 
0.9178113749087676 0.3950148271556793 0.03981917145354083 
0.9214412521674575 0.3864599620427651 0.03993390216310194 
0.925016089283506 0.377811410780282 0.0400471278728197 
0.9285336128479 0.3690699145616525 0.04015878455681705 
0.9319915406650504 0.3602362991776724 0.04026880782392669 
0.9353875846874324 0.351311476532393 0.04037713299927322 
0.9387194540722755 0.3422964460353405 0.04048369520960666 
0.9419848583559407 0.333192295860983 0.04058842947227391 
0.9451815107409394 0.3240002040665376 0.04069127078769356 
0.9483071314897812 0.3147214395596146 0.04079215423517644 
0.9513594514191112 0.3053573629076539 0.04089101507191146 
0.9543362154868633 0.295909426981696 0.04098778883491385 
0.9572351864644163 0.2863791774278283 0.04108241144570935 
0.9600541486850156 0.2767682529605965 0.04117481931750528 
0.9627909118590451 0.2670783854738426 0.04126494946457727 
0.9654433149460435 0.2573113999659675 0.04135273961357792 
0.9680092300727572 0.2474692142784168 0.04143812831645279 
0.9704865664859278 0.2375538386485784 0.04152105506462853 
0.9728732745280154 0.2275673750812739 0.04160146040411969 
0.9751673496236315 0.2175120165468701 0.04167928605118114 
0.9773668362641302 0.2073900460191887 0.04175447500811895 
0.9794698319776159 0.1972038353732432 0.04182697167885602 
0.9814744912716163 0.1869558441721758 0.04189672198383772 
0.9833790295358731 0.1766486183859482 0.04196367347385095 
0.9851817268932372 0.1662847891029977 0.04202777544232286 
0.9868809319876372 0.1558670713234466 0.04208897903565847 
0.988475065699724 0.1453982629633082 0.042147237361174 
0.9899626247834706 0.1348812442616223 0.04220250559218115 
0.9913421854212787 0.1243189778806486 0.04225474106977888 
0.992612406702099 0.1137145101476187 0.04230390340091403 
0.9937720340386217 0.1030709741496646 0.042349954552276 
0.9948199025592914 0.0923915958453429 0.04239285893959897 
0.995754940545807 0.0816797051605716 0.04243258351194779 
0.9965761730511944 0.07093875552963812 0.04246909783056388 
0.9972827259584757 0.06017235824811994 0.04250237414182724 
0.997873830996358 0.04938434398653257 0.04253238744382627 
0.9983488327911605 0.03857887697281066 0.0425591155458418 
0.9987072003738501 0.02776067873018845 0.04258253911952348 
0.9989485490871871 0.01693550098074743 0.04260264173891952 
0.9990726893977336 0.006111235495219899 0.04261940990090347 
0.9990797567456681 -0.004699065006313424 0.04263283299386993 
0.9989706490733027 -0.01546690368586726 0.04264290304888219 
0.9987491988407055 -0.02609690284839999 0.04264961285603997 
0.9984498444539275 -0.0357580424767681 0.04265290738223869 
