-0.02986114626288071 0.9995540562243447 2.508637810027604e-05 
-0.02965289141266794 0.9995602541574872 6.587479112576382e-05 
-0.02944477201640861 0.9995664030092737 0.0001066583518167927 
-0.02923678655372541 0.9995725029102647 0.0001474371757587248 
-0.02902893350640738 0.9995785539896089 0.0001882113784471467 
-0.02882121135837547 0.9995845563750486 0.0002289810752897474 
-0.02861361859564797 0.9995905101929252 0.0002697463816081927 
-0.02840615370630622 0.9995964155681833 0.0003105074126399959 
-0.02819881518046026 0.999602272624378 0.0003512642835403848 
-0.02799160151021463 0.999608081483678 0.0003920171093841654 
-0.02778451118963426 0.9996138422668714 0.0004327660051675833 
-0.02757754271471043 0.9996195550933715 0.0004735110858101806 
-0.02737069458332661 0.9996252200812198 0.0005142524661566497 
-0.02716396529522473 0.9996308373470929 0.0005549902609786851 
-0.02695735335197125 0.9996364070063054 0.0005957245849768301 
-0.02675085725692328 0.9996419291728159 0.0006364555527823245 
-0.02654447551519501 0.999647403959231 0.0006771832789589445 
-0.02633820663362393 0.9996528314768097 0.0007179078780048436 
-0.02613204912073731 0.999658211835469 0.0007586294643543883 
-0.02592600148671854 0.9996635451437859 0.0007993481523799925 
-0.02572006224337385 0.9996688315090043 0.0008400640563939508 
-0.02551422990409868 0.9996740710370381 0.0008807772906502646 
-0.02530850298384452 0.999679263832475 0.0009214879693464708 
-0.02510287999908536 0.9996844099985813 0.0009621962066254661 
-0.02489735946778463 0.9996895096373055 0.001002902116577326 
-0.02469193990936205 0.999694562849283 0.001043605813241129 
-0.02448661984466014 0.9996995697338389 0.00108430741060677 
-0.02428139779591149 0.9997045303889924 0.00112500702261678 
-0.02407627228670552 0.9997094449114612 0.001165704763168134 
-0.02387124184195544 0.9997143133966637 0.001206400746114069 
-0.02366630498786542 0.9997191359387243 0.001247095085265887 
-0.02346146025189755 0.999723912630476 0.001287787894394767 
-0.023256706162739 0.9997286435634639 0.001328479287233572 
-0.02305204125026916 0.9997333288279487 0.001369169377478649 
-0.02284746404552689 0.999737968512911 0.001409858278791636 
-0.02264297308067762 0.9997425627060527 0.001450546104801262 
-0.02243856688898091 0.999747111493802 0.001491232969105142 
-0.02223424400475727 0.9997516149613161 0.001531918985271583 
-0.02203000296335604 0.9997560731924835 0.00157260426684138 
-0.0218258423011223 0.9997604862699283 0.001613288927329605 
-0.02162176055536466 0.9997648542750122 0.001653973080227409 
-0.0214177562643223 0.9997691772878379 0.001694656839003811 
-0.02121382796713272 0.9997734553872516 0.001735340317107495 
-0.02100997420379909 0.9997776886508463 0.001776023627968596 
-0.02080619351515775 0.999781877154964 0.001816706885000493 
-0.02060248444284572 0.9997860209746989 0.001857390201601601 
-0.0203988455292684 0.9997901201838993 0.001898073691157156 
-0.02019527531756682 0.9997941748551706 0.001938757467041007 
-0.01999177235158561 0.9997981850598779 0.001979441642617398 
-0.01978833517584019 0.9998021508681477 0.002020126331242763 
-0.01958496233548491 0.9998060723488711 0.002060811646267507 
-0.01938165237627996 0.9998099495697058 0.002101497701037788 
-0.01917840384455968 0.9998137825970776 0.002142184608897318 
-0.01897521528719984 0.9998175714961838 0.002182872483189125 
-0.01877208525158546 0.9998213163309942 0.002223561437257364 
-0.01856901228557833 0.9998250171642538 0.002264251584449084 
-0.01836599493748483 0.9998286740574844 0.002304943038116015 
-0.01816303175602361 0.9998322870709866 0.002345635911616363 
-0.01796012129029309 0.9998358562638419 0.002386330318316579 
-0.01775726208973932 0.9998393816939138 0.002427026371593163 
-0.0175544527041236 0.9998428634178504 0.00246772418483443 
-0.01735169168349028 0.9998463014910853 0.00250842387144231 
-0.01714897757813405 0.9998496959678396 0.002549125544834128 
-0.01694630893856832 0.9998530469011234 0.002589829318444386 
-0.01674368431549214 0.9998563543427368 0.002630535305726557 
-0.0165411022597583 0.9998596183432722 0.002671243620154868 
-0.01633856132234106 0.9998628389521148 0.002711954375226088 
-0.0161360600543034 0.9998660162174444 0.00275266768446132 
-0.01593359700676494 0.9998691501862362 0.002793383661407778 
-0.01573117073086969 0.9998722409042623 0.002834102419640593 
-0.01552877977775329 0.9998752884160927 0.002874824072764592 
-0.01532642269851093 0.9998782927650964 0.002915548734416093 
-0.01512409804416476 0.9998812539934421 0.002956276518264704 
-0.01492180436563149 0.9998841721420991 0.002997007538015102 
-0.01471954021369 0.999887047250839 0.003037741907408837 
-0.0145173041389487 0.9998898793582351 0.003078479740226132 
-0.01431509469181319 0.9998926685016649 0.003119221150287672 
-0.01411291042245364 0.9998954147173081 0.003159966251456402 
-0.01391074988077226 0.9998981180401503 0.003200715157639335 
-0.01370861161637088 0.9999007785039814 0.003241467982789349 
-0.01350649417851792 0.9999033961413969 0.003282224840906981 
-0.0133043961161162 0.9999059709837983 0.003322985846042249 
-0.01310231597767018 0.9999085030613931 0.003363751112296445 
-0.01290025231125292 0.9999109924031953 0.003404520753823944 
-0.01269820366447381 0.9999134390370259 0.003445294884834024 
-0.01249616858444548 0.9999158429895127 0.003486073619592659 
-0.01229414561775103 0.9999182042860907 0.003526857072424352 
-0.01209213331041144 0.9999205229510018 0.003567645357713937 
-0.01189013020785226 0.9999227990072949 0.003608438589908405 
-0.01168813485487101 0.9999250324768264 0.003649236883518716 
-0.01148614579560412 0.9999272233802591 0.003690040353121625 
-0.01128416157349382 0.9999293717370625 0.003730849113361508 
-0.01108218073125506 0.999931477565513 0.00377166327895219 
-0.01088020181084266 0.9999335408826926 0.003812482964678766 
-0.01067822335341776 0.9999355617044891 0.003853308285399437 
-0.01047624389931495 0.999937540045596 0.00389413935604735 
-0.01027426198800867 0.9999394759195109 0.003934976291632421 
-0.01007227615808022 0.9999413693385362 0.003975819207243193 
-0.009870284947184078 0.9999432203137774 0.004016668218048662 
-0.009668286892014846 0.9999450288551432 0.004057523439300126 
-0.009466280528273061 0.9999467949713443 0.004098384986333044 
-0.009264264390632635 0.9999485186698926 0.004139252974568872 
-0.009062237012706342 0.9999501999571009 0.004180127519516925 
-0.008860196927012537 0.9999518388380805 0.004221008736776234 
-0.008658142664941521 0.999953435316742 0.004261896742037409 
-0.008456072756721321 0.9999549893957929 0.004302791651084493 
-0.008253985731384169 0.9999565010767373 0.004343693579796843 
-0.008051880116732421 0.999957970359874 0.004384602644150987 
-0.007849754439304513 0.9999593972442957 0.004425518960222512 
-0.007647607224341075 0.9999607817278877 0.004466442644187926 
-0.00744543699575029 0.9999621238073262 0.00450737381232656 
-0.007243242276074008 0.9999634234780767 0.00454831258102243 
-0.007041021586453563 0.9999646807343933 0.004589259066766144 
-0.006838773446594918 0.9999658955693164 0.004630213386156789 
-0.006636496374734475 0.9999670679746708 0.004671175655903822 
-0.006434188887604326 0.999968197941065 0.004712145992828975 
-0.00623184950039775 0.9999692854578884 0.004753124513868179 
-0.00602947672673486 0.9999703305133102 0.004794111336073427 
-0.00582706907862674 0.999971333094277 0.004835106576614741 
-0.005624625066441237 0.9999722931865109 0.004876110352782052 
-0.00542214319886799 0.9999732107745076 0.004917122781987141 
-0.005219621982883361 0.9999740858415341 0.004958143981765555 
-0.005017059923714739 0.9999749183696268 0.004999174069778544 
-0.004814455524805498 0.9999757083395892 0.005040213163815002 
-0.004611807287780092 0.9999764557309888 0.005081261381793397 
-0.004409113712407749 0.9999771605221563 0.005122318841763719 
-0.004206373296567385 0.9999778226901817 0.005163385661909443 
-0.004003584536211872 0.9999784422109121 0.005204461960549463 
-0.003800745925332048 0.9999790190589499 0.005245547856140073 
-0.003597855955921018 0.9999795532076495 0.005286643467276914 
-0.003394913117938041 0.9999800446291141 0.005327748912696969 
-0.003191915899272058 0.9999804932941938 0.005368864311280505 
-0.002988862785706356 0.9999808991724822 0.00540998978205309 
-0.002785752260881024 0.9999812622323143 0.005451125444187558 
-0.002582582806257788 0.9999815824407622 0.005492271417006002 
-0.002379352901082207 0.9999818597636326 0.005533427819981785 
-0.002176061022347802 0.9999820941654639 0.005574594772741533 
-0.001972705644758706 0.9999822856095232 0.005615772395067147 
-0.001769285240693226 0.999982434057802 0.005656960806897814 
-0.001565798280166192 0.9999825394710139 0.005698160128332045 
-0.001362243230792355 0.9999826018085903 0.005739370479629676 
-0.001158618557748344 0.9999826210286779 0.005780591981213929 
-0.0009549227237359615 0.9999825970881339 0.005821824753673426 
-0.0007511541889441336 0.9999825299425235 0.00586306891776426 
-0.0005473114110112086 0.9999824195461156 0.005904324594412023 
-0.0003433928449874431 0.9999822658518784 0.005945591904713881 
-0.0001393969432964663 0.999982068811477 0.005986870969940635 
6.467784430261659e-05 0.9999818283752685 0.006028161911538799 
0.0002688330707532999 0.9999815444922976 0.006069464851132662 
0.0004730702917402332 0.9999812171102936 0.006110779910526389 
0.000677391065728027 0.9999808461756654 0.00615210721170611 
0.0008817969539996557 0.9999804316334973 0.006193446876842009 
0.00108628952069558 0.9999799734275452 0.006234799028290446 
0.001290870332852685 0.9999794715002317 0.006276163788596064 
0.001495540960443152 0.9999789257926414 0.00631754128049391 
0.001700302976414131 0.9999783362445172 0.006358931626911553 
0.001905157956727709 0.9999777027942549 0.006400334950971239 
0.002110107480398848 0.9999770253788991 0.006441751375992024 
0.002315153129537517 0.9999763039341371 0.006483181025491912 
0.00252029648938702 0.9999755383942958 0.006524624023190049 
0.002725539148364345 0.9999747286923355 0.006566080493008843 
0.002930882698101368 0.9999738747598457 0.006607550559076175 
0.00313632873348419 0.9999729765270383 0.006649034345727567 
0.00334187885269439 0.9999720339227453 0.006690531977508376 
0.003547534657249983 0.9999710468744102 0.006732043579175973 
0.003753297752046037 0.9999700153080849 0.006773569275701988 
0.00395916974539599 0.9999689391484241 0.00681510919227449 
0.004165152249073419 0.9999678183186779 0.006856663454300235 
0.004371246878352856 0.9999666527406886 0.006898232187406873 
0.004577455252051976 0.9999654423348837 0.006939815517445214 
0.004783778992573348 0.9999641870202693 0.00698141357049146 
0.00499021972594705 0.9999628867144262 0.007023026472849476 
0.005196779081871807 0.9999615413335027 0.007064654351053057 
0.005403458693759074 0.9999601507922083 0.007106297331868185 
0.005610260198774387 0.9999587150038083 0.007147955542295332 
0.005817185237880803 0.9999572338801169 0.00718962910957176 
0.006024235455882039 0.9999557073314917 0.007231318161173822 
0.006231412501465746 0.9999541352668263 0.007273022824819256 
0.006438718027246945 0.9999525175935442 0.007314743228469531 
0.006646153689811776 0.9999508542175924 0.007356479500332183 
0.006853721149761358 0.9999491450434345 0.007398231768863128 
0.00706142207175595 0.9999473899740439 0.007440000162769058 
0.00726925812455946 0.9999455889108969 0.00748178481100977 
0.007477230981083958 0.9999437417539657 0.007523585842800549 
0.007685342318434115 0.9999418484017114 0.007565403387614557 
0.00789359381795306 0.9999399087510767 0.007607237575185217 
0.008101987165266524 0.9999379226974792 0.007649088535508635 
0.008310524050329383 0.9999358901348026 0.007690956398845997 
0.008519206167470645 0.9999338109553909 0.007732841295725992 
0.008728035215439493 0.9999316850500396 0.007774743356947273 
0.008937012897451845 0.9999295123079891 0.00781666271358087 
0.009146140921236437 0.9999272926169157 0.007858599496972681 
0.009355420999081893 0.9999250258629249 0.007900553838745925 
0.009564854847882526 0.9999227119305424 0.007942525870803619 
0.009774444189186748 0.9999203507027069 0.007984515725331072 
0.009984190749244172 0.9999179420607613 0.008026523534798401 
0.01019409625905301 0.9999154858844448 0.008068549431963036 
0.01040416245440753 0.9999129820518838 0.008110593549872251 
0.01061439107594749 0.9999104304395849 0.008152656021865693 
0.01082478386920505 0.9999078309224245 0.008194736981577938 
0.01103534258465481 0.9999051833736411 0.008236836562941068 
0.01124606897776219 0.9999024876648264 0.008278954900187225 
0.01145696480903226 0.9998997436659159 0.008321092127851216 
0.01166803184405983 0.999896951245181 0.008363248380773096 
0.01187927185357915 0.9998941102692177 0.008405423794100794 
0.01209068661351368 0.9998912206029398 0.008447618503292736 
0.01230227790502682 0.9998882821095676 0.008489832644120484 
0.01251404751457188 0.9998852946506197 0.008532066352671367 
0.01272599723394377 0.9998822580859025 0.008574319765351189 
0.01293812886032955 0.9998791722735004 0.008616593018886867 
0.01315044419636015 0.9998760370697671 0.008658886250329137 
0.01336294505016268 0.9998728523293141 0.008701199597055245 
0.01357563323541142 0.9998696179050021 0.008743533196771711 
0.01378851057138121 0.9998663336479287 0.008785887187516994 
0.01400157888299934 0.999862999407421 0.008828261707664296 
0.01421484000089942 0.9998596150310221 0.008870656895924277 
0.01442829576147378 0.9998561803644826 0.008913072891347873 
0.01464194800692786 0.9998526952517495 0.00895550983332905 
0.01485579858533345 0.9998491595349537 0.008997967861607623 
0.01506984935068408 0.9998455730544021 0.009040447116272063 
0.01528410216294782 0.9998419356485633 0.009082947737762347 
0.01549855888812418 0.9998382471540584 0.009125469866872789 
0.01571322139829765 0.9998345074056495 0.00916801364475492 
0.01592809157169463 0.9998307162362268 0.009210579212920338 
0.01614317129273859 0.9998268734767985 0.009253166713243638 
0.01635846245210669 0.9998229789564786 0.009295776287965286 
0.01657396694678592 0.9998190325024744 0.009338408079694565 
0.01678968668013087 0.9998150339400751 0.009381062231412513 
0.01700562356191984 0.9998109830926393 0.00942373888647487 
0.01722177950841414 0.999806879781583 0.00946643818861506 
0.01743815644241448 0.9998027238263667 0.009509160281947168 
0.01765475629332042 0.9997985150444831 0.009551905310968962 
0.01787158099718895 0.9997942532514446 0.009594673420564911 
0.01808863249679316 0.9997899382607692 0.0096374647560092 
0.01830591274168254 0.9997855698839692 0.009680279462968825 
0.01852342368824169 0.9997811479305362 0.009723117687506621 
0.01874116729975228 0.9997766722079299 0.009765979576084398 
0.01895914554645202 0.9997721425215619 0.009808865275566016 
0.01917736040559688 0.9997675586747846 0.009851774933220528 
0.01939581386152173 0.999762920468876 0.009894708696725287 
0.01961450790570301 0.9997582277030257 0.009937666714169178 
0.01983344453681997 0.9997534801743218 0.009980649134055717 
0.02005262576081805 0.9997486776777348 0.0100236561053063 
0.02027205359097217 0.9997438200061053 0.0100666877772634 
0.02049173004794923 0.9997389069501281 0.0101097442996938 
0.02071165715987277 0.9997339382983375 0.01015282582279186 
0.02093183696238712 0.9997289138370927 0.01019593249718276 
0.02115227149872226 0.9997238333505625 0.01023906447392584 
0.02137296281975833 0.9997186966207102 0.01028222190451785 
0.0215939129840922 0.9997135034272779 0.01032540494089631 
0.02181512405810324 0.9997082535477713 0.01036861373544289 
0.02203659811601895 0.9997029467574431 0.01041184844098672 
0.02225833723998349 0.9996975828292781 0.01045510921080783 
0.02248034352012331 0.9996921615339763 0.01049839619864053 
0.02270261905461669 0.9996866826399367 0.01054170955867683 
0.02292516594976088 0.9996811459132411 0.01058504944556995 
0.02314798632004098 0.9996755511176371 0.01062841601443773 
0.02337108228820015 0.999669898014521 0.01067180942086615 
0.02359445598530832 0.9996641863629218 0.01071522982091284 
0.023818109550833 0.9996584159194825 0.01075867737111062 
0.02404204513270915 0.9996525864384435 0.01080215222847106 
0.02426626488741173 0.9996466976716251 0.01084565455048804 
0.02449077098002633 0.9996407493684092 0.01088918449514137 
0.02471556558432189 0.9996347412757214 0.0109327422209004 
0.02494065088282276 0.9996286731380128 0.01097632788672772 
0.02516602906688279 0.999622544697242 0.01101994165208274 
0.02539170233675821 0.9996163556928552 0.01106358367692542 
0.02561767290168268 0.9996101058617695 0.01110725412172004 
0.02584394297994129 0.9996037949383511 0.01115095314743884 
0.02607051479894637 0.9995974226543987 0.01119468091556587 
0.02629739059531348 0.9995909887391221 0.01123843758810073 
0.02652457261493679 0.9995844929191239 0.01128222332756238 
0.02675206311306771 0.9995779349183782 0.01132603829699298 
0.02697986435439055 0.9995713144582119 0.01136988265996178 
0.02720797861310148 0.9995646312572832 0.01141375658056895 
0.02743640817298758 0.9995578850315621 0.01145766022344951 
0.02766515532750491 0.9995510754943081 0.01150159375377731 
0.0278942223798596 0.9995442023560513 0.0115455573372689 
0.02812361164308634 0.9995372653245689 0.01158955114018759 
0.02835332544013141 0.9995302641048657 0.01163357532934742 
0.02858336610393262 0.9995231983991505 0.01167763007211723 
0.02881373597750191 0.9995160679068156 0.01172171553642468 
0.02904443741400857 0.9995088723244142 0.01176583189076039 
0.02927547277686193 0.9995016113456376 0.01180997930418201 
0.02950684443979516 0.9994942846612928 0.0118541579463184 
0.02973855478695071 0.9994868919592795 0.01189836798737378 
0.02997060621296461 0.999479432924567 0.01194260959813194 
0.03020300112305222 0.9994719072391705 0.01198688294996046 
0.03043574193309648 0.9994643145821274 0.01203118821481498 
0.03066883106973269 0.9994566546294739 0.01207552556524347 
0.03090227097043703 0.9994489270542201 0.01211989517439053 
0.03113606408361596 0.9994411315263254 0.01216429721600178 
0.03137021286869436 0.9994332677126748 0.01220873186442818 
0.03160471979620533 0.9994253352770527 0.01225319929463046 
0.03183958734788141 0.9994173338801182 0.01229769968218352 
0.03207481801674454 0.9994092631793785 0.01234223320328093 
0.03231041430719905 0.9994011228291655 0.01238680003473943 
0.03254637873512334 0.9993929124806062 0.01243140035400338 
0.0327827138279637 0.999384631781599 0.01247603433914936 
0.03301942212482794 0.9993762803767859 0.01252070216889079 
0.03325650617658058 0.9993678579075257 0.01256540402258248 
0.03349396854593754 0.9993593640118658 0.01261014008022532 
0.03373181180756241 0.999350798324516 0.01265491052247094 
0.033970038548164 0.9993421604768195 0.01269971553062643 
0.03420865136659382 0.9993334500967253 0.01274455528665908 
0.0344476528739435 0.9993246668087589 0.01278942997320118 
0.03468704569364504 0.9993158102339941 0.0128343397735548 
0.03492683246157111 0.9993068799900235 0.01287928487169666 
0.03516701582613403 0.999297875690929 0.01292426545228299 
0.03540759844838891 0.9992887969472523 0.01296928170065447 
0.03564858300213582 0.999279643365964 0.01301433380284115 
0.03588997217402205 0.9992704145504335 0.01305942194556747 
0.0361317686636464 0.999261110100399 0.01310454631625724 
0.03637397518366478 0.9992517296119344 0.01314970710303872 
0.03661659445989476 0.9992422726774194 0.01319490449474971 
0.03685962923142255 0.9992327388855069 0.01324013868094266 
0.03710308225070928 0.999223127821091 0.01328540985188988 
0.03734695628370157 0.9992134390652746 0.01333071819858867 
0.03759125410993785 0.9992036721953356 0.01337606391276663 
0.0378359785226597 0.9991938267846946 0.01342144718688691 
0.0380811323289218 0.9991839024028809 0.01346686821415349 
0.0383267183497052 0.9991738986154975 0.0135123271885166 
0.03857273942002732 0.9991638149841886 0.01355782430467809 
0.03881919838905794 0.9991536510666028 0.01360335975809682 
0.03906609812023204 0.9991434064163588 0.01364893374499418 
0.0393134414913653 0.9991330805830099 0.0136945464623596 
0.03956123139477127 0.9991226731120076 0.01374019810795607 
0.03980947073737715 0.9991121835446655 0.01378588888032579 
0.04005816244084311 0.9991016114181221 0.01383161897879574 
0.04030730944168139 0.9990909562653045 0.01387738860348339 
0.04055691469137512 0.9990802176148891 0.01392319795530244 
0.04080698115650099 0.999069394991265 0.01396904723596856 
0.04105751181885019 0.999058487914495 0.01401493664800513 
0.04130850967555223 0.999047495900277 0.01406086639474925 
0.04155997773919842 0.9990364184599033 0.01410683668035747 
0.04181191903796817 0.9990252551002228 0.01415284770981179 
0.04206433661575285 0.9990140053235993 0.01419889968892567 
0.0423172335322856 0.9990026686278712 0.01424499282435 
0.04257061286326833 0.9989912445063104 0.0142911273235792 
0.04282447770050052 0.998979732447581 0.01433730339495736 
0.04307883115201079 0.9989681319356959 0.01438352124768431 
0.04333367634218824 0.9989564424499761 0.01442978109182199 
0.04358901641191455 0.9989446634650063 0.01447608313830055 
0.04384485451869713 0.9989327944505917 0.01452242759892473 
0.04410119383680555 0.9989208348717141 0.01456881468638022 
0.04435803755740674 0.9989087841884871 0.01461524461424003 
0.04461538888870194 0.9988966418561114 0.01466171759697097 
0.04487325105606511 0.9988844073248291 0.01470823384994012 
0.04513162730218213 0.9988720800398772 0.01475479358942144 
0.0453905208871926 0.9988596594414416 0.01480139703260229 
0.04564993508883072 0.99884714496461 0.01484804439759014 
0.04590987320256748 0.9988345360393239 0.01489473590341926 
0.04617033854175688 0.9988218320903304 0.01494147177005751 
0.0464313344377805 0.9988090325371333 0.01498825221841305 
0.04669286424019402 0.9987961367939445 0.01503507747034133 
0.0469549313168758 0.9987831442696329 0.01508194774865191 
0.04721753905417533 0.9987700543676757 0.0151288632771155 
0.04748069085706497 0.9987568664861054 0.01517582428047095 
0.04774439014929056 0.9987435800174594 0.0152228309844323 
0.04800864037352583 0.9987301943487282 0.01526988361569598 
0.04827344499152582 0.9987167088613009 0.01531698240194799 
0.04853880748428387 0.9987031229309132 0.01536412757187111 
0.04880473135218755 0.9986894359275933 0.01541131935515224 
0.04907122011517832 0.9986756472156061 0.01545855798248979 
0.0493382773129108 0.9986617561533995 0.01550584368560103 
0.04960590650491471 0.9986477620935474 0.01555317669722967 
0.04987411127075666 0.9986336643826932 0.01560055725115331 
0.05014289521020582 0.9986194623614932 0.01564798558219115 
0.0504122619433979 0.998605155364558 0.01569546192621154 
0.05068221511100372 0.9985907427203944 0.01574298652013978 
0.05095275837439654 0.9985762237513454 0.01579055960196593 
0.05122389541582274 0.9985615977735319 0.01583818141075259 
0.05149562993857374 0.9985468640967903 0.01588585218664289 
0.05176796566715822 0.9985320220246117 0.01593357217086841 
0.05204090634747706 0.9985170708540808 0.01598134160575729 
0.05231445574699969 0.9985020098758114 0.01602916073474226 
0.05258861765494147 0.9984868383738845 0.0160770298023689 
0.05286339588244352 0.9984715556257836 0.01612494905430385 
0.05313879426275247 0.9984561609023282 0.0161729187373431 
0.05341481665140488 0.9984406534676108 0.01622093909942045 
0.05369146692640947 0.9984250325789277 0.01626901038961584 
0.05396874898843337 0.9984092974867133 0.01631713285816396 
0.05424666676099109 0.9983934474344717 0.01636530675646285 
0.05452522419063098 0.9983774816587064 0.01641353233708248 
0.05480442524712922 0.9983613993888537 0.01646180985377356 
0.05508427392367971 0.998345199847208 0.01651013956147631 
0.0553647742370897 0.9983288822488539 0.01655852171632936 
0.05564593022797547 0.9983124458015921 0.01660695657567866 
0.0559277459609611 0.9982958897058669 0.01665544439808659 
0.05621022552487597 0.9982792131546921 0.01670398544334098 
0.05649337303295879 0.9982624153335761 0.01675257997246431 
0.05677719262305903 0.998245495420446 0.01680122824772301 
0.05706168845784337 0.9982284525855719 0.01684993053263679 
0.05734686472500156 0.9982112859914876 0.01689868709198798 
0.05763272563745604 0.9981939947929137 0.01694749819183112 
0.05791927543357261 0.9981765781366777 0.01699636409950249 
0.05820651837737321 0.998159035161633 0.01704528508362976 
0.05849445875875088 0.9981413649985786 0.01709426141414172 
0.05878310089368626 0.9981235667701758 0.01714329336227815 
0.05907244912446599 0.9981056395908655 0.01719238120059969 
0.05936250781990392 0.9980875825667836 0.01724152520299782 
0.05965328137556351 0.9980693947956761 0.01729072564470497 
0.05994477421398273 0.9980510753668123 0.01733998280230466 
0.06023699078490174 0.9980326233608972 0.01738929695374174 
0.06052993556549108 0.9980140378499834 0.01743866837833275 
0.06082361306058225 0.9979953178973822 0.01748809735677633 
0.06111802780290249 0.997976462557571 0.01753758417116376 
0.06141318435330922 0.9979574708761044 0.01758712910498954 
0.06170908730102891 0.9979383418895188 0.01763673244316211 
0.06200574126389466 0.9979190746252399 0.01768639447201466 
0.0623031508885913 0.9978996681014869 0.01773611547931597 
0.06260132085089812 0.9978801213271765 0.01778589575428142 
0.06290025585593519 0.9978604333018258 0.01783573558758411 
0.06319996063841402 0.9978406030154529 0.01788563527136593 
0.06350043996288716 0.9978206294484773 0.01793559509924897 
0.06380169862400401 0.9978005115716195 0.01798561536634675 
0.06410374144676508 0.9977802483457977 0.01803569636927586 
0.06440657328678231 0.9977598387220245 0.01808583840616736 
0.06471019903053904 0.9977392816413025 0.01813604177667858 
0.06501462359565294 0.9977185760345181 0.01818630678200485 
0.06531985193114435 0.9976977208223329 0.01823663372489143 
0.06562588901770312 0.997676714915076 0.01828702290964541 
0.06593273986795951 0.9976555572126344 0.01833747464214793 
0.06624040952675929 0.9976342466043402 0.01838798922986628 
0.06654890307143964 0.9976127819688576 0.01843856698186627 
0.06685822561210771 0.9975911621740698 0.01848920820882464 
0.06716838229192264 0.9975693860769625 0.01853991322304162 
0.0674793782873799 0.9975474525235076 0.01859068233845355 
0.06779121880859901 0.9975253603485423 0.01864151587064565 
0.06810390909961238 0.9975031083756519 0.01869241413686491 
0.06841745443865971 0.9974806954170464 0.01874337745603307 
0.06873186013848089 0.9974581202734378 0.01879440614875976 
0.06904713154661822 0.9974353817339149 0.0188455005373557 
0.06936327404571355 0.9974124785758181 0.01889666094584608 
0.06968029305381589 0.9973894095646108 0.01894788769998399 
0.06999819402468696 0.9973661734537499 0.0189991811272641 
0.07031698244811166 0.997342768984555 0.01905054155693627 
0.07063666385021175 0.9973191948860753 0.01910196932001949 
0.07095724379376096 0.9972954498749553 0.0191534647493158 
0.07127872787850693 0.9972715326552991 0.01920502817942442 
0.07160112174148979 0.9972474419185318 0.01925665994675598 
0.07192443105737228 0.9972231763432601 0.01930836038954687 
0.07224866153876465 0.9971987345951311 0.01936012984787371 
0.07257381893655995 0.9971741153266886 0.01941196866366804 
0.07289990904026687 0.9971493171772291 0.01946387718073104 
0.07322693767835156 0.9971243387726533 0.01951585574474846 
0.07355491071857534 0.9970991787253185 0.01956790470330561 
0.07388383406834495 0.9970738356338877 0.01962002440590263 
0.07421371367505715 0.9970483080831768 0.0196722152039697 
0.07454455552645406 0.9970225946439994 0.01972447745088261 
0.0748763656509777 0.996996693873012 0.01977681150197832 
0.07520915011812983 0.9969706043125528 0.0198292177145707 
0.07554291503883349 0.9969443244904835 0.01988169644796646 
0.07587766656580243 0.996917852920025 0.01993424806348121 
0.07621341089390879 0.996891188099593 0.01998687292445567 
0.07655015426055754 0.996864328512631 0.02003957139627197 
0.07688790294606571 0.9968372726274412 0.02009234384637028 
0.07722666327404147 0.9968100188970133 0.02014519064426537 
0.07756644161177145 0.9967825657588502 0.02019811216156346 
0.07790724437060927 0.9967549116347928 0.02025110877197927 
0.07824907800636861 0.9967270549308415 0.02030418085135309 
0.07859194901972015 0.9966989940369759 0.02035732877766818 
0.07893586395659254 0.9966707273269716 0.02041055293106816 
0.07928082940857874 0.9966422531582149 0.02046385369387473 
0.07962685201334381 0.9966135698715162 0.02051723145060543 
0.0799739384550391 0.9965846757909175 0.02057068658799169 
0.0803220954647197 0.9965555692235024 0.02062421949499695 
0.08067132982076672 0.9965262484591983 0.02067783056283496 
0.08102164834931261 0.9964967117705807 0.0207315201849884 
0.08137305792467209 0.9964669574126714 0.02078528875722748 
0.08172556546977779 0.9964369836227357 0.02083913667762883 
0.08207917795661963 0.9964067886200769 0.02089306434659461 
0.08243390240668561 0.9963763706058273 0.02094707216687168 
0.08278974589141597 0.9963457277627369 0.02100116054357106 
0.08314671553264984 0.9963148582549598 0.0210553298841876 
0.08350481850308891 0.996283760227836 0.02110958059861968 
0.08386406202675549 0.9962524318076732 0.02116391309918935 
0.0842244533794603 0.9962208711015218 0.02121832780066241 
0.08458599988927772 0.9961890761969504 0.02127282512026889 
0.08494870893701939 0.9961570451618171 0.02132740547772362 
0.08531258795671645 0.9961247760440359 0.02138206929524703 
0.08567764443610779 0.9960922668713434 0.0214368169975862 
0.08604388591713025 0.9960595156510594 0.02149164901203602 
0.0864113199964175 0.9960265203698454 0.02154656576846065 
0.08677995432580073 0.9959932789934598 0.02160156769931515 
0.08714979661281558 0.9959597894665102 0.02165665523966739 
0.08752085462121766 0.9959260497122009 0.02171182882722002 
0.08789313617149705 0.9958920576320793 0.02176708890233284 
0.0882666491414045 0.9958578111057761 0.02182243590804533 
0.08864140146647874 0.9958233079907439 0.02187787029009931 
0.08901740114058238 0.9957885461219921 0.02193339249696203 
0.08939465621644088 0.9957535233118167 0.02198900297984924 
0.08977317480618889 0.9957182373495278 0.02204470219274874 
0.09015296508192135 0.9956826860011734 0.02210049059244394 
0.09053403527625221 0.9956468670092582 0.0221563686385379 
0.09091639368287605 0.99561077809246 0.02221233679347738 
0.09130004865713816 0.9955744169453402 0.02226839552257727 
0.0916850086166103 0.9955377812380534 0.02232454529404523 
0.09207128204167066 0.9955008686160489 0.02238078657900662 
0.09245887747609331 0.9954636766997724 0.02243711985152959 
0.09284780352763922 0.9954262030843593 0.02249354558865051 
0.09323806886866051 0.9953884453393278 0.02255006427039967 
0.0936296822367023 0.9953504010082641 0.02260667637982715 
0.0940226524351187 0.9953120676085058 0.02266338240302902 
0.09441698833369191 0.9952734426308202 0.02272018282917385 
0.09481269886925739 0.9952345235390764 0.02277707815052944 
0.09520979304633839 0.9951953077699154 0.02283406886248973 
0.09560827993778333 0.9951557927324142 0.02289115546360222 
0.09600816868541334 0.995115975807745 0.02294833845559545 
0.09640946850067786 0.9950758543488302 0.02300561834340691 
0.09681218866531176 0.9950354256799916 0.02306299563521114 
0.09721633853200434 0.9949946870965968 0.02312047084244822 
0.09762192752507497 0.9949536358646963 0.02317804447985241 
0.09802896514115379 0.9949122692206621 0.02323571706548129 
0.09843746094987313 0.9948705843708134 0.02329348912074505 
0.09884742459456199 0.9948285784910434 0.0233513611704361 
0.09925886579295293 0.994786248726437 0.02340933374275907 
0.09967179433789243 0.9947435921908849 0.02346740736936104 
0.1000862200980625 0.9947006059666906 0.02352558258536213 
0.100502153018706 0.9946572871041741 0.02358385992938646 
0.1009196031223659 0.9946136326212673 0.02364223994359329 
0.101338580509626 0.9945696395031056 0.02370072317370866 
0.1017590953598642 0.9945253047016112 0.02375931016905724 
0.1021811579320122 0.9944806251350744 0.02381800148259457 
0.1026047785653227 0.9944355976877247 0.02387679767093965 
0.1030299676801495 0.9943902192092977 0.02393569929440782 
0.1034567357787295 0.9943444865145959 0.02399470691704411 
0.1038850934459784 0.9942983963830422 0.02405382110665681 
0.1043150513502931 0.9942519455582276 0.02411304243485142 
0.1047466202443639 0.9942051307474519 0.02417237147706507 
0.1051798109659931 0.9941579486212578 0.0242318088126012 
0.1056146344389259 0.9941103958129588 0.02429135502466467 
0.1060511016736907 0.994062468918159 0.02435101070039718 
0.1064892237684445 0.9940141644942662 0.02441077643091317 
0.1069290119098318 0.9939654790599993 0.02447065281133599 
0.1073704773738514 0.9939164090948864 0.02453064044083463 
0.1078136315267316 0.9938669510387567 0.0245907399226606 
0.1082584858258191 0.9938171012912239 0.02465095186418546 
0.1087050518204741 0.9937668562111636 0.02471127687693863 
0.109153341152975 0.9937162121161816 0.02477171557664555 
0.1096033655594374 0.9936651652820747 0.02483226858326645 
0.1100551368707373 0.9936137119422834 0.02489293652103533 
0.1105086670134525 0.9935618482873364 0.02495372001849954 
0.1109639680108056 0.9935095704642875 0.02501461970855961 
0.111421051983625 0.9934568745761427 0.02507563622850974 
0.1118799311513113 0.9934037566812806 0.0251367702200785 
0.1123406178328192 0.9933502127928618 0.02519802232947019 
0.1128031244476475 0.9932962388782322 0.02525939320740649 
0.1132674635168399 0.9932418308583144 0.02532088350916866 
0.1137336476639985 0.9931869846069923 0.02538249389464014 
0.1142016896163096 0.9931316959504851 0.02544422502834976 
0.1146716022055787 0.9930759606667121 0.02550607757951518 
0.1151433983692785 0.9930197744846486 0.02556805222208712 
0.1156170911516075 0.9929631330836705 0.02563014963479376 
0.1160926937045647 0.9929060320928904 0.02569237050118594 
0.1165702192890297 0.9928484670904835 0.0257547155096826 
0.1170496812758627 0.9927904336030016 0.02581718535361693 
0.1175310931470087 0.9927319271046792 0.02587978073128288 
0.118014468496624 0.9926729430167259 0.0259425023459823 
0.1184998210322049 0.9926134767066118 0.02600535090607259 
0.1189871645757378 0.9925535234873379 0.02606832712501474 
0.1194765130648593 0.992493078616698 0.02613143172142219 
0.1199678805540279 0.9924321372965283 0.02619466541910999 
0.1204612812157103 0.9923706946719459 0.02625802894714459 
0.1209567293415859 0.992308745830574 0.02632152303989424 
0.121454239343754 0.9922462858017577 0.02638514843707995 
0.1219538257559683 0.9921833095557653 0.0264489058838269 
0.1224555032348737 0.9921198120029783 0.02651279613071663 
0.1229592865612669 0.9920557879930687 0.0265768199338397 
0.1234651906413634 0.9919912323141636 0.02664097805484893 
0.1239732305080858 0.9919261396919957 0.02670527126101335 
0.1244834213223622 0.9918605047890425 0.02676970032527264 
0.124995778374442 0.9917943222036499 0.0268342660262923 
0.125510317085226 0.9917275864691437 0.02689896914851939 
0.1260270530076119 0.9916602920529259 0.02696381048223888 
0.1265460018278574 0.9915924333555578 0.02702879082363078 
0.1270671793669536 0.9915240047098277 0.02709391097482774 
0.1275906015820221 0.9914550003798051 0.02715917174397341 
0.1281162845677209 0.9913854145598777 0.02722457394528154 
0.1286442445576709 0.9913152413737769 0.02729011839909561 
0.129174497925899 0.991244474873583 0.02735580593194921 
0.1297070611882951 0.9911731090387191 0.02742163737662721 
0.1302419510040896 0.9911011377749257 0.02748761357222749 
0.1307791841773436 0.9910285549132208 0.02755373536422348 
0.1313187776584636 0.9909553542088426 0.02762000360452734 
0.131860748545724 0.9908815293401759 0.02768641915155401 
0.1324051140868181 0.9908070739076595 0.02775298287028588 
0.1329518916804169 0.9907319814326793 0.02781969563233822 
0.1335010988777562 0.9906562453564397 0.02788655831602549 
0.1340527533842328 0.9905798590388202 0.02795357180642829 
0.134606873061026 0.9905028157572112 0.02802073699546111 
0.1351634759267354 0.9904251087053324 0.02808805478194096 
0.1357225801590384 0.9903467309920307 0.02815552607165673 
0.136284204096367 0.9902676756400601 0.02822315177743936 
0.1368483662396045 0.9901879355848408 0.0282909328192329 
0.1374150852538007 0.9901075036731977 0.0283588701241663 
0.1379843799699108 0.99002637266208 0.02842696462662617 
0.1385562693865507 0.9899445352172577 0.02849521726833023 
0.1391307726717744 0.9898619839119981 0.02856362899840184 
0.1397079091648753 0.9897787112257204 0.02863220077344525 
0.140287698378202 0.9896947095426284 0.02870093355762171 
0.1408701599990029 0.9896099711503196 0.02876982832272669 
0.1414553138912871 0.9895244882383722 0.02883888604826775 
0.142043180097711 0.9894382528969097 0.02890810772154357 
0.1426337788414823 0.9893512571151393 0.02897749433772373 
0.1432271305282954 0.989263492779868 0.02904704689992957 
0.1438232557482769 0.9891749516739942 0.02911676641931593 
0.1444221752779669 0.9890856254749723 0.02918665391515382 
0.1450239100823142 0.988995505753254 0.02925671041491438 
0.1456284813167 0.9889045839707018 0.02932693695435331 
0.1462359103289861 0.988812851478977 0.02939733457759682 
0.1468462186615821 0.9887202995179004 0.0294679043372283 
0.1474594280535434 0.9886269192137852 0.02953864729437616 
0.1480755604426902 0.9885327015777424 0.0296095645188026 
0.1486946379677528 0.9884376375039573 0.02968065708899368 
0.1493166829705416 0.9883417177679368 0.02975192609225015 
0.149941717998144 0.9882449330247277 0.02982337262477965 
0.1505697658051466 0.9881472738071042 0.02989499779178983 
0.1512008493558839 0.9880487305237247 0.02996680270758274 
0.1518349918267128 0.9879492934572581 0.03003878849565019 
0.152472216608317 0.9878489527624769 0.03011095628877044 
0.1531125473080336 0.9877476984643186 0.03018330722910584 
0.1537560077522136 0.9876455204559147 0.03025584246830196 
0.1544026219886053 0.9875424084965838 0.03032856316758753 
0.1550524142887683 0.9874383522097929 0.03040147049787589 
0.1557054091505141 0.9873333410810821 0.03047456563986755 
0.1563616313003822 0.9872273644559536 0.03054784978415403 
0.1570211056961348 0.9871204115377251 0.03062132413132282 
0.1576838575292905 0.9870124713853461 0.03069498989206386 
0.158349912227684 0.9869035329111753 0.03076884828727708 
0.1590192954580563 0.9867935848787214 0.03084290054818136 
0.1596920331286756 0.986682615900343 0.03091714791642481 
0.1603681513919917 0.9865706144349093 0.03099159164419632 
0.1610476766473179 0.9864575687854203 0.03106623299433853 
0.1617306355435484 0.986343467096585 0.03114107324046219 
0.1624170549819044 0.9862282973523575 0.03121611366706182 
0.1631069621187161 0.9861120473734303 0.03129135556963285 
0.1638003843682369 0.985994704814683 0.03136680025479019 
0.1644973494054872 0.9858762571625871 0.03144244904038814 
0.1651978851691387 0.9857566917325641 0.03151830325564194 
0.1659020198644256 0.985635995666298 0.03159436424125067 
0.1666097819660966 0.9855141559290003 0.03167063334952162 
0.1673212002213967 0.9853911593066252 0.03174711194449624 
0.1680363036530872 0.9852669924030383 0.03182380140207771 
0.1687551215624999 0.9851416416371319 0.03190070311015985 
0.1694776835326298 0.9850150932398919 0.03197781846875782 
0.1702040194312603 0.9848873332514101 0.03205514889014024 
0.1709341594141277 0.9847583475178451 0.032132695798963 
0.1716681339281239 0.9846281216883276 0.03221046063240476 
0.1724059737145344 0.9844966412118114 0.03228844484030398 
0.173147709812315 0.9843638913338668 0.0323666498852977 
0.1738933735614086 0.9842298570934184 0.03244507724296198 
0.174642996606099 0.9840945233194207 0.03252372840195407 
0.1753966108984048 0.9839578746274787 0.03260260486415629 
0.1761542487015128 0.9838198954164031 0.03268170814482174 
0.17691594259325 0.9836805698647056 0.03276103977272157 
0.1776817254696023 0.9835398819270303 0.03284060129029434 
0.1784516305482647 0.9833978153305204 0.03292039425379703 
0.1792256913722393 0.9832543535711185 0.0330004202334578 
0.180003941813476 0.9831094799098 0.03308068081363087 
0.1807864160765493 0.9829631773687383 0.03316117759295293 
0.1815731487023848 0.9828154287273982 0.03324191218450185 
0.1823641745720226 0.982666216518561 0.03332288621595696 
0.1831595289104296 0.9825155230242729 0.03340410132976151 
0.1839592472903516 0.9823633302717227 0.03348555918328695 
0.1847633656362117 0.9822096200290414 0.03356726144899928 
0.1855719202280531 0.9820543738010256 0.03364920981462742 
0.1863849477055283 0.9818975728247804 0.0337314059833335 
0.1872024850719303 0.9817391980652856 0.03381385167388538 
0.1880245696982745 0.9815792302108751 0.03389654862083114 
0.1888512393274238 0.9814176496686361 0.03397949857467567 
0.1896825320782607 0.9812544365597211 0.03406270330205938 
0.1905184864499098 0.9810895707145731 0.03414616458593911 
0.1913591413260041 0.9809230316680635 0.03422988422577119 
0.1922045359789997 0.9807547986545363 0.03431386403769666 
0.1930547100745444 0.9805848506027617 0.03439810585472872 
0.1939097036758864 0.9804131661307961 0.03448261152694242 
0.1947695572483398 0.9802397235407432 0.03456738292166661 
0.1956343116637972 0.9800645008134187 0.0346524219236782 
0.1965040082052898 0.9798874756029149 0.03473773043539868 
0.1973786885716028 0.9797086252310607 0.03482331037709292 
0.1982583948819371 0.9795279266817801 0.0349091636870705 
0.1991431696806257 0.9793453565953427 0.03499529232188924 
0.2000330559418999 0.9791608912625036 0.03508169825656113 
0.2009280970747068 0.978974506618536 0.03516838348476076 
0.2018283369275804 0.9787861782371482 0.03525535001903628 
0.2027338197935659 0.9785958813242845 0.0353425998910224 
0.2036445904151937 0.9784035907118102 0.03543013515165647 
0.2045606939895108 0.9782092808510739 0.03551795787139655 
0.2054821761731629 0.978012925806349 0.03560607014044234 
0.2064090830875307 0.9778144992481475 0.03569447406895844 
0.2073414613239221 0.9776139744464075 0.03578317178730028 
0.2082793579488154 0.9774113242635499 0.03587216544624258 
0.2092228205091625 0.9772065211474008 0.03596145721721056 
0.2101718970377401 0.9769995371239776 0.03605104929251347 
0.2111266360585622 0.9767903437901375 0.03614094388558117 
0.2120870865923446 0.9765789123060826 0.03623114323120293 
0.2130532981620258 0.9763652133877218 0.03632164958576931 
0.2140253207983422 0.9761492172988827 0.03641246522751646 
0.2150032050454643 0.9759308938433744 0.03650359245677322 
0.2159870019666801 0.9757102123568951 0.03659503359621096 
0.2169767631501424 0.9754871416987835 0.03668679099109622 
0.21797254071467 0.975261650243608 0.03677886700954595 
0.2189743873156022 0.9750337058725937 0.03687126404278567 
0.2199823561507139 0.974803275964881 0.03696398450541033 
0.2209965009661846 0.9745703273886134 0.03705703083564801 
0.2220168760626232 0.9743348264918505 0.03715040549562638 
0.2230435363011511 0.9740967390933043 0.03724411097164206 
0.2240765371095401 0.9738560304728923 0.03733814977443271 
0.2251159344884055 0.9736126653621047 0.03743252443945197 
0.2261617850174581 0.9733666079341834 0.03752723752714732 
0.2272141458618084 0.9731178217941056 0.03762229162324071 
0.2282730747783271 0.9728662699683723 0.03771768933901205 
0.229338630122065 0.972611914894592 0.03781343331158554 
0.2304108708527202 0.97235471841086 0.03790952620421896 
0.2314898565411669 0.9720946417449278 0.03800597070659553 
0.2325756473760345 0.971831645503156 0.03810276953511902 
0.2336683041703418 0.9715656896592498 0.03819992543321142 
0.2347678883681843 0.9712967335427679 0.03829744117161344 
0.2358744620514735 0.9710247358274052 0.03839531954868804 
0.2369880879467285 0.9707496545190412 0.0384935633907266 
0.2381088294319222 0.9704714469435478 0.03859217555225795 
0.2392367505433716 0.9701900697343575 0.03869115891636024 
0.2403719159826842 0.9699054788197788 0.03879051639497551 
0.2415143911237508 0.9696176294100607 0.03889025092922704 
0.2426642420197866 0.9693264759841953 0.03899036548973946 
0.2438215354104208 0.9690319722764585 0.03909086307696162 
0.2449863387288286 0.9687340712626773 0.03919174672149187 
0.2461587201089132 0.968432725146223 0.03929301948440636 
0.2473387483925294 0.9681278853437205 0.03939468445758971 
0.2485264931367472 0.9678195024704722 0.03949674476406823 
0.2497220246211599 0.9675075263255856 0.03959920355834593 
0.2509254138552311 0.9671919058768004 0.03970206402674265 
0.2521367325856768 0.9668725892450116 0.0398053293877349 
0.2533560533038868 0.9665495236884765 0.03990900289229895 
0.2545834492533811 0.9662226555867024 0.04001308782425633 
0.2558189944372933 0.9658919304240109 0.04011758750062144 
0.2570627636258929 0.9655572927727625 0.04022250527195148 
0.2583148323641263 0.9652186862762482 0.04032784452269857 
0.2595752769791915 0.9648760536312273 0.0404336086715635 
0.2608441745881345 0.9645293365701125 0.04053980117185198 
0.2621216031054629 0.9641784758427939 0.04064642551183246 
0.2634076412507816 0.9638234111980899 0.04075348521509558 
0.2647023685564445 0.9634640813648222 0.04086098384091557 
0.2660058653752137 0.9631004240325038 0.04096892498461308 
0.2673182128879357 0.9627323758316341 0.04107731227791936 
0.2686394931112149 0.9623598723135895 0.04118614938934193 
0.2699697889050958 0.9619828479301065 0.04129544002453128 
0.2713091839807428 0.9616012360123414 0.04140518792664857 
0.2726577629081113 0.9612149687495047 0.04151539687673447 
0.2740156111236135 0.9608239771670585 0.04162607069407852 
0.2753828149377702 0.9604281911044643 0.04173721323658904 
0.2767594615428414 0.9600275391924789 0.04184882840116354 
0.2781456390204375 0.9596219488299831 0.04196092012405941 
0.2795414363491017 0.9592113461603364 0.04207349238126434 
0.2809469434118576 0.9587956560472465 0.04218654918886688 
0.2823622510037218 0.9583748020501438 0.04230009460342623 
0.2837874508391687 0.9579487063990524 0.0424141327223418 
0.2852226355595476 0.9575172899689439 0.04252866768422151 
0.2866678987404432 0.9570804722535656 0.04264370366924913 
0.2881233348989706 0.9566381713387333 0.04275924489955018 
0.2895890395010035 0.9561903038750742 0.04287529563955613 
0.2910651089683235 0.9557367850502114 0.04299186019636662 
0.2925516406856842 0.9552775285603786 0.04310894292010931 
0.2940487330077861 0.9548124465814515 0.04322654820429716 
0.2955564852661446 0.9543414497393864 0.04334468048618268 
0.2970749977758543 0.9538644470800521 0.0434633442471089 
0.298604371842234 0.9533813460384424 0.0435825440128565 
0.300144709767339 0.9528920524072614 0.04370228435398691 
0.3016961148563423 0.9523964703048616 0.04382256988618084 
0.3032586914237645 0.9518945021425286 0.04394340527057176 
0.3048325447995432 0.9513860485910944 0.04406479521407388 
0.3064177813349389 0.9508710085468706 0.04418674446970444 
0.3080145084082511 0.9503492790968836 0.0443092578368992 
0.3096228344303473 0.9498207554834027 0.04443234016182129 
0.3112428688499843 0.9492853310677404 0.04455599633766209 
0.3128747221589075 0.9487428972933206 0.04468023130493459 
0.3145185058967176 0.9481933436479902 0.04480505005175731 
0.3161743326554943 0.9476365576255688 0.04493045761412944 
0.3178423160841485 0.9470724246866126 0.04505645907619552 
0.3195225708925025 0.946500828218388 0.04518305957049955 
0.3212152128550775 0.9459216494940289 0.04531026427822767 
0.3229203588145604 0.9453347676308724 0.0454380784294384 
0.3246381266849513 0.9447400595479509 0.04556650730327998 
0.3263686354543555 0.9441373999226268 0.04569555622819364 
0.328112005187414 0.9435266611463565 0.04582523058210231 
0.3298683570273461 0.9429077132795637 0.04595553579258355 
0.3316378131975808 0.942280424005609 0.04608647733702568 
0.3334204970029636 0.9416446585838388 0.04621806074276646 
0.3352165328305113 0.9410002798016964 0.0463502915872131 
0.3370260461496867 0.9403471479258799 0.04648317549794221 
0.3388491635121818 0.9396851206525296 0.04661671815277903 
0.3406860125511698 0.9390140530564288 0.04675092527985473 
0.3425367219800082 0.9383337975392017 0.04688580265763984 
0.3444014215903675 0.9376442037764884 0.04702135611495349 
0.3462802422497456 0.9369451186640859 0.04715759153094649 
0.3481733158983522 0.9362363862630328 0.04729451483505692 
0.3500807755453255 0.9355178477436227 0.04743213200693706 
0.3520027552642455 0.9347893413283305 0.04757044907634962 
0.3539393901879205 0.9340507022336338 0.04770947212303217 
0.3558908165024055 0.9333017626107106 0.04784920727652787 
0.3578571714402156 0.932542351485 0.04798966071598067 
0.3598385932727054 0.9317722946946068 0.04813083866989347 
0.3618352213015649 0.9309914148275339 0.04827274741584715 
0.3638471958494002 0.9301995311577264 0.04841539328017823 
0.3658746582493566 0.929396459579909 0.04855878263761394 
0.3679177508337341 0.928582012543206 0.04870292191086165 
0.3699766169215591 0.927755998983521 0.048847817570151 
0.3720514008050635 0.9269182242546653 0.0489934761327264 
0.3741422477350154 0.9260684900582201 0.04913990416228701 
0.3762493039048674 0.9252065943721134 0.04928710826837245 
0.3783727164336522 0.9243323313779034 0.04943509510569114 
0.3805126333475852 0.9234454913867486 0.04958387137338841 
0.3826692035603168 0.9225458607640529 0.04973344381425246 
0.3848425768517682 0.9216332218527772 0.04988381921385387 
0.3870329038454985 0.9207073528953983 0.05003500439961701 
0.3892403359845441 0.9197680279545075 0.05018700623981921 
0.3914650255056545 0.9188150168320393 0.05033983164251486 
0.3937071254118701 0.9178480849871167 0.05049348755438099 
0.3959667894433695 0.9168669934525064 0.05064798095948061 
0.398244172046507 0.9158714987496764 0.05080331887794026 
0.4005394283409831 0.9148613528024468 0.05095950836453796 
0.4028527140850546 0.9138363028492311 0.05111655650719769 
0.4051841856387166 0.9127960913538611 0.0512744704253859 
0.407533999924774 0.9117404559149913 0.05143325726840611 
0.4099023143877089 0.9106691291740875 0.05159292421358722 
0.4122892869502697 0.9095818387219905 0.05175347846436067 
0.4146950759676843 0.9084783070040628 0.05191492724822175 
0.4171198401794014 0.9073582512239223 0.05207727781457033 
0.4195637386582753 0.9062213832457617 0.0522405374324256 
0.4220269307570793 0.9050674094952706 0.05240471338800955 
0.42450957605226 0.9038960308591624 0.05256981298219406 
0.4270118342848175 0.9027069425833204 0.05273584352780521 
0.429533865298203 0.9014998341695835 0.05290281234677968 
0.4320758289731254 0.9002743892711774 0.05307072676716635 
0.4346378851591499 0.899030285586822 0.0532395941199676 
0.4372201936029606 0.8977671947535373 0.05340942173581318 
0.4398229138731776 0.8964847822381669 0.05358021694145981 
0.4424462052815913 0.8951827072276584 0.05375198705611021 
0.4450902268006837 0.8938606225181315 0.05392473938754373 
0.4477551369773085 0.892518174402768 0.05409848122805098 
0.450441093842382 0.891155002558575 0.05427321985016563 
0.4531482548164507 0.8897707399320575 0.05444896250218452 
0.4558767766109859 0.8883650126238568 0.05462571640346806 
0.4586268151252491 0.8869374397724163 0.05480348873951295 
0.4613985253385829 0.8854876334367249 0.0549822866567881 
0.4641920611979649 0.884015198478213 0.05516211725732454 
0.4670075755006526 0.8825197324418745 0.05534298759305057 
0.4698452197717726 0.8810008254366894 0.05552490465986233 
0.4727051441366565 0.8794580600154375 0.05570787539141997 
0.4755874971877707 0.8778910110539933 0.05589190665265938 
0.4784924258460503 0.8762992456302009 0.05607700523300916 
0.4814200752164474 0.8746823229024429 0.05626317783930219 
0.4843705884375185 0.8730397939880113 0.05645043108837039 
0.4873441065248522 0.8713712018414094 0.05663877149931262 
0.4903407682081359 0.8696760811327178 0.05682820548542259 
0.4933607097616726 0.8679539581261659 0.05701873934576663 
0.4964040648281362 0.8662043505590599 0.05721037925639789 
0.499470964235355 0.864426767521237 0.05740313126119559 
0.5025615358059261 0.8626207093352082 0.05759700126231617 
0.5056759041594235 0.8607856674371881 0.05779199501024384 
0.5088141905070034 0.8589211242591984 0.05798811809342682 
0.5119765124381762 0.8570265531124569 0.05818537592748669 
0.5151629836995135 0.8551014180722809 0.0583837737439863 
0.5183737139650801 0.8531451738647322 0.05858331657874323 
0.5216088085983499 0.851157265755259 0.05878400925967411 
0.5248683684053738 0.849137129439603 0.05898585639415589 
0.5281524893789793 0.8470841909372425 0.05918886235588913 
0.5314612624337509 0.8449978664876829 0.05939303127124926 
0.5347947731315709 0.8428775624498945 0.05959836700511049 
0.5381531013974792 0.8407226752052368 0.05980487314612776 
0.5415363212256149 0.8385325910642203 0.06001255299146177 
0.5449445003750104 0.836306686177468 0.06022140953093132 
0.5483777000550069 0.8340443264512696 0.0604314454305792 
0.5518359746000464 0.8317448674681371 0.06064266301563485 
0.5553193711336376 0.8294076544127873 0.06085506425286012 
0.5588279292212415 0.8270320220040094 0.06106865073226225 
0.5623616805118817 0.8246172944328856 0.06128342364815962 
0.5659206483682542 0.8221627853078648 0.06149938377958533 
0.5695048474851215 0.8196677976072132 0.0617165314700143 
0.5731142834958051 0.8171316236393849 0.06193486660639968 
0.5767489525665774 0.8145535450118833 0.06215438859750455 
0.5804088409787619 0.8119328326092188 0.06237509635151595 
0.5840939246983865 0.809268746580577 0.06259698825292773 
0.587804168933224 0.8065605363378587 0.06282006213868044 
0.5915395276770636 0.80380744056477 0.06304431527354633 
0.5952999432411108 0.8010086872376674 0.06326974432474848 
0.5990853457723746 0.7981634936589062 0.06349634533580424 
0.6028956527589727 0.7952710665034499 0.06372411369958372 
0.6067307685222715 0.7923306018795477 0.06395304413057533 
0.6105905836958125 0.7893412854043073 0.06418313063635132 
0.6144749746910076 0.7863022922950217 0.06441436648822846 
0.6183838031496086 0.7832127874771416 0.06464674419111878 
0.6223169153829718 0.7800719257098235 0.06488025545256874 
0.626274141798206 0.7768788517299953 0.06511489115098563 
0.6302552963112846 0.7736327004159367 0.0653506413030524 
0.6342601757472756 0.7703325969713867 0.06558749503033393 
0.6382885592278651 0.76697765713122 0.06582544052508078 
0.6423402075463928 0.7635669873897821 0.06606446501523741 
0.6464148625306775 0.7600996852529797 0.06630455472866575 
0.6505122463939511 0.7565748395152644 0.06654569485659739 
0.6546320610742686 0.7529915305626782 0.06678786951633037 
0.6587739875628301 0.7493488307031448 0.06703106171319009 
0.6629376852217083 0.7456458045252214 0.06727525330177737 
0.6671227910915212 0.7418815092865562 0.06752042494652986 
0.6713289191896954 0.7380549953332957 0.06776655608162746 
0.6755556597999873 0.7341653065517392 0.06801362487027648 
0.6798025787540536 0.7302114808535152 0.06826160816341116 
0.6840692167059098 0.7261925506955961 0.06851048145785607 
0.6883550884002038 0.7221075436364709 0.06876021885399848 
0.6926596819353382 0.7179554829297913 0.06901079301302408 
0.6969824580225435 0.7137353881568169 0.06926217511377447 
0.7013228492421064 0.7094462758989966 0.06951433480929234 
0.7056802592980733 0.7050871604519787 0.06976724018312438 
0.7100540622728241 0.7006570545823773 0.07002085770545875 
0.7144436018830482 0.696154970328564 0.07027515218918087 
0.7188481907387493 0.6915799198467502 0.07053008674593755 
0.7232671096070123 0.6869309163035989 0.07078562274230624 
0.7276996066824161 0.682206974816545 0.07104171975617436 
0.7321448968660662 0.6774071134429711 0.07129833553343952 
0.7366021610553498 0.6725303542193442 0.07155542594515057 
0.7410705454466712 0.6675757242513156 0.07181294494521674 
0.7455491608535105 0.6625422568557641 0.07207084452881928 
0.7500370820423218 0.657428992755633 0.07232907469166956 
0.7545333470888935 0.6522349813283498 0.07258758339026505 
0.759036956757926 0.6469592819085039 0.07284631650330238 
0.7635468739087408 0.6416009651453313 0.07310521779441639 
0.768062022930137 0.6361591144154374 0.07336422887642138 
0.7725812892075549 0.6306328272910611 0.0736232891772395 
0.7771035186258449 0.6250212170639904 0.07388233590770908 
0.7816275171110563 0.6193234143251148 0.07414130403147529 
0.7861520502147704 0.6135385685994046 0.07440012623717043 
0.7906758427446565 0.607665850035887 0.07465873291310221 
0.7951975784449934 0.6017044511520315 0.07491705212467359 
0.7997158997310426 0.5956535886316777 0.07517500959476463 
0.8042294074812345 0.5895125051754372 0.07543252868731487 
0.8087366608912073 0.5832804714022432 0.07568953039434825 
0.8132361773938405 0.5769567878004314 0.07594593332669038 
0.8177264326494511 0.5705407867264821 0.07620165370862966 
0.8222058606103952 0.5640318344492431 0.07645660537678058 
0.8266728536643294 0.5574293332371507 0.07671069978340687 
0.8311257628604164 0.5507327234856231 0.07696384600446639 
0.8355628982227342 0.5439414858815154 0.07721595075263958 
0.8399825291551467 0.5370551436011131 0.07746691839560151 
0.8443828849418145 0.530073264537859 0.07771665097979685 
0.8487621553474817 0.5229954635555815 0.07796504825997355 
0.8531184913215585 0.515821404762667 0.07821200773472471 
0.8574500058098932 0.5085508038022324 0.07845742468828325 
0.8617547746779828 0.5011834301529632 0.07870119223880422 
0.8660308377491865 0.4937191094349191 0.07894320139335999 
0.8702761999612707 0.4861577257142477 0.07918334110986154 
0.8744888326444019 0.4784992238003258 0.07942149836610411 
0.8786666749233802 0.4707436115285578 0.07965755823612045 
0.882807635246628 0.4628909620216396 0.07989140397400565 
0.886909593044067 0.4549414159218038 0.08012291710535729 
0.8909704005156455 0.4468951835862396 0.08035197752645189 
0.8949878845518514 0.4387525472375651 0.0805784636112544 
0.8989598487870869 0.430513863060982 0.08080225232632886 
0.9028840757862809 0.4221795632395262 0.08102321935369067 
0.9067583293645995 0.4137501579185894 0.0812412392216081 
0.9105803570395463 0.4052262370907818 0.08145618544332836 
0.9143478926141377 0.3966084723921057 0.08166793066366627 
0.9180586588892481 0.3878976188003402 0.08187634681335858 
0.9217103705025236 0.3790945162266293 0.08208130527104461 
0.9253007368906316 0.3702000909913272 0.08228267703269651 
0.9288274653708771 0.361215357175399 0.08248033288827711 
0.932288264337521 0.3521414178389878 0.08267414360536238 
0.9356808465673996 0.342979466099186 0.0828639801194198 
0.9390029326286972 0.3337307860596725 0.08304971373038895 
0.9422522543859715 0.3243967535856626 0.08323121630516625 
0.9454265585937992 0.3149788369186063 0.0834083604855493 
0.9485236105706338 0.3054785971264304 0.08358101990115159 
0.9515411979437566 0.2958976883867356 0.08374906938675344 
0.9544771344554611 0.2862378581025732 0.08391238520351188 
0.9573292638199052 0.2765009468532324 0.08407084526341002 
0.9600954636193869 0.2666888881861383 0.08422432935628521 
0.9627736492281399 0.2568037082609354 0.08437271937873812 
0.9653617777511008 0.2468475253635133 0.08451589956418883 
0.9678578519645146 0.2368225493169067 0.08465375671331306 
0.9702599242446345 0.2267310808290174 0.08478618042406241 
0.9725661004702103 0.2165755108356122 0.08491306332044714 
0.9747745438838618 0.2063583199242546 0.08503430127923774 
0.9768834788967683 0.1960820779655179 0.08514979365372495 
0.9788911948203366 0.1857494441401224 0.08525944349366378 
0.9807960495074438 0.175363167648582 0.0853631577605188 
0.9825964728842888 0.1649260895479896 0.08546084753712416 
0.9842909703514028 0.1544411464231476 0.08555242823086871 
0.9858781260280797 0.1439113770502016 0.08563781976951808 
0.9873566058068421 0.1333399340137885 0.08571694678878068 
0.9887251601701709 0.1227301037287108 0.0857897388107101 
0.9899826266934086 0.1120853412177503 0.08585613041198414 
0.9911279320989087 0.1014093319676476 0.08591606138095856 
0.9921600935960467 0.09070610631901294 0.08596947686201069 
0.9930782189285995 0.07998026316323177 0.08601632748461581 
0.9938815037202108 0.06923744228144563 0.08605656947134388 
0.9945692221982602 0.05848543234474384 0.08609016470768335 
0.9951406983266348 0.04773718617727371 0.0861170807090792 
0.9955952021720857 0.03702108395436954 0.08613729015221586 
0.9959314135573866 0.02643226841046533 0.0861507671252152 
0.9961398809321041 0.01680005454963959 0.08615738960589792 
