20035.49963 0 2.72058944 -0.0008565374959 0 3.153940884 
20035.46376268146 0 26.9447635520797 -0.008483169353180667 0 3.153935237846533 
20035.36931813752 0 51.16885888631528 -0.01610981361145142 0 3.153920370548252 
20035.21629623012 0 75.39280461816578 -0.02373648141960437 0 3.153896281953021 
20035.00469673557 0 99.61652992155942 -0.03136318392656602 0 3.153862971814339 
20034.73451934455 0 123.8399639681687 -0.03898993228131362 0 3.153820439791337 
20034.40576366209 0 148.0630359266856 -0.04661673763289135 0 3.153768685448768 
20034.01842920762 0 172.2856749620968 -0.05424361113042662 0 3.153707708256995 
20033.57251541491 0 196.5078102349582 -0.0618705639231463 0 3.153637507591977 
20033.06802163211 0 220.7293709006705 -0.06949760716039288 0 3.153558082735255 
20032.50494712174 0 244.9502861087533 -0.07712475199164077 0 3.153469432873936 
20031.88329106068 0 269.1704850021198 -0.08475200956651222 0 3.153371557100666 
20031.20305254015 0 293.3898967163518 -0.09237939103479366 0 3.153264454413612 
20030.46423056578 0 317.6084503789731 -0.1000069075464515 0 3.153148123716437 
20029.66682405753 0 341.8260751087241 -0.1076345702516485 0 3.153022563818269 
20028.81083184971 0 366.0427000148356 -0.1152623903007592 0 3.152887773433674 
20027.89625269101 0 390.2582541963018 -0.1228903788443865 0 3.15274375118262 
20026.92308524447 0 414.4726667411544 -0.1305185470333768 0 3.152590495590447 
20025.89132808748 0 438.6858667257351 -0.1381469060188363 0 3.152428005087826 
20024.80097971177 0 462.8977832139689 -0.1457754669521465 0 3.152256278010718 
20023.65203852344 0 487.1083452566355 -0.1534042409849798 0 3.152075312600339 
20022.44450284294 0 511.3174818906424 -0.1610332392693149 0 3.151885107003106 
20021.17837090504 0 535.5251221382962 -0.1686624729574529 0 3.151685659270598 
20019.85364085886 0 559.7311950065742 -0.176291953202032 0 3.1514769673595 
20018.47031076788 0 583.9356294863953 -0.1839216911560431 0 3.15125902913156 
20017.0283786099 0 608.1383545518901 -0.1915516979728449 0 3.151031842353525 
20015.52784227705 0 632.3392991596716 -0.1991819848061791 0 3.150795404697091 
20013.9686995758 0 656.538392248105 -0.2068125628101855 0 3.150549713738841 
20012.35094822694 0 680.7355627365768 -0.2144434431394165 0 3.150294766960188 
20010.6745858656 0 704.9307395247632 -0.2220746369488523 0 3.150030561747304 
20008.93961004122 0 729.1238514918988 -0.2297061553939152 0 3.14975709539106 
20007.14601821755 0 753.3148274960442 -0.2373380096304846 0 3.149474365086955 
20005.29380777267 0 777.5035963733534 -0.2449702108149109 0 3.149182367935046 
20003.38297599895 0 801.69008693734 -0.25260277010403 0 3.148881100939871 
20001.4135201031 0 825.8742279781438 -0.2602356986551776 0 3.148570561010377 
19999.3854372061 0 850.0559482617961 -0.2678690076262029 0 3.148250744959842 
19997.29872434325 0 874.2351765294841 -0.2755027081754827 0 3.147921649505789 
19995.15337846414 0 898.4118414968166 -0.283136811461935 0 3.147583271269909 
19992.94939643263 0 922.5858718530855 -0.2907713286450326 0 3.147235606777971 
19990.68677502689 0 946.7571962605305 -0.2984062708848164 0 3.146878652459736 
19988.36551093938 0 970.9257433536004 -0.3060416493419087 0 3.146512404648865 
19985.98560077681 0 995.0914417382153 -0.3136774751775265 0 3.146136859582827 
19983.54704106018 0 1019.254219991027 -0.3213137595534938 0 3.145752013402803 
19981.04982822475 0 1043.414006658677 -0.3289505136322551 0 3.145357862153588 
19978.49395862005 0 1067.570730257063 -0.3365877485768873 0 3.144954401783489 
19975.87942850986 0 1091.724319270588 -0.3442254755511123 0 3.144541628144226 
19973.20623407222 0 1115.874702151423 -0.3518637057193092 0 3.144119536990821 
19970.47437139942 0 1140.021807318764 -0.3595024502465263 0 3.143688123981496 
19967.68383649799 0 1164.165563158087 -0.3671417202984923 0 3.143247384677557 
19964.8346252887 0 1188.305898020406 -0.374781527041629 0 3.142797314543284 
19961.92673360654 0 1212.44274022152 -0.3824218816430616 0 3.142337908945817 
19958.96015720075 0 1236.576018041276 -0.39006279527063 0 3.141869163155033 
19955.93489173476 0 1260.705659722815 -0.3977042790929006 0 3.141391072343431 
19952.85093278624 0 1284.831593471825 -0.4053463442791756 0 3.140903631586006 
19949.70827584708 0 1308.953747455794 -0.4129890019995046 0 3.140406835860124 
19946.50691632334 0 1333.072049803254 -0.4206322634246942 0 3.139900680045393 
19943.24684953531 0 1357.186428603038 -0.4282761397263182 0 3.139385158923535 
19939.92807071744 0 1381.296811903521 -0.4359206420767274 0 3.138860267178249 
19936.55057501841 0 1405.403127711867 -0.4435657816490589 0 3.13832599939508 
19933.11435750103 0 1429.50530399328 -0.4512115696172453 0 3.137782350061276 
19929.61941314233 0 1453.603268670241 -0.4588580171560241 0 3.13722931356565 
19926.06573683349 0 1477.696949621758 -0.466505135440946 0 3.136666884198438 
19922.45332337984 0 1501.786274682604 -0.4741529356483833 0 3.136095056151149 
19918.78216750087 0 1525.87117164256 -0.4818014289555382 0 3.135513823516417 
19915.05226383024 0 1549.951568245656 -0.4894506265404509 0 3.134923180287855 
19911.26360691573 0 1574.027392189405 -0.4971005395820066 0 3.134323120359894 
19907.41619121927 0 1598.098571124048 -0.5047511792599436 0 3.133713637527633 
19903.5100111169 0 1622.165032651784 -0.5124025567548594 0 3.133094725486676 
19899.54506089881 0 1646.22670432601 -0.5200546832482181 0 3.132466377832972 
19895.52133476928 0 1670.28351365055 -0.5277075699223568 0 3.131828588062651 
19891.43882684672 0 1694.335388078892 -0.5353612279604909 0 3.131181349571855 
19887.29753116363 0 1718.382255013419 -0.5430156685467205 0 3.130524655656572 
19883.09744166661 0 1742.424041804636 -0.550670902866036 0 3.12985849951246 
19878.83855221635 0 1766.460675750401 -0.558326942104323 0 3.129182874234678 
19874.52085658762 0 1790.492084095153 -0.5659837974483662 0 3.128497772817702 
19870.14434846927 0 1814.518194029135 -0.5736414800858554 0 3.127803188155147 
19865.70902146421 0 1838.538932687625 -0.5813000012053884 0 3.127099113039588 
19861.21486908942 0 1862.554227150149 -0.5889593719964751 0 3.126385540162369 
19856.66188477593 0 1886.564004439714 -0.5966196036495409 0 3.125662462113419 
19852.05006186881 0 1910.56819152202 -0.6042807073559296 0 3.12492987138106 
19847.37939362719 0 1934.566715304683 -0.6119426943079062 0 3.12418776035181 
19842.64987322421 0 1958.559502636451 -0.6196055756986588 0 3.123436121310191 
19837.86149374705 0 1982.54648030642 -0.6272693627223008 0 3.122674946438531 
19833.01424819691 0 2006.527575043249 -0.6349340665738724 0 3.121904227816756 
19828.10812948899 0 2030.502713514372 -0.6425996984493412 0 3.121123957422193 
19823.1431304525 0 2054.471822325208 -0.6502662695456034 0 3.120334127129354 
19818.11924383065 0 2078.434828018373 -0.6579337910604837 0 3.119534728709735 
19813.03646228065 0 2102.391657072886 -0.6656022741927358 0 3.118725753831599 
19807.89477837367 0 2126.342235903378 -0.6732717301420407 0 3.117907194059757 
19802.69418459487 0 2150.286490859291 -0.6809421701090069 0 3.117079040855355 
19797.43467334338 0 2174.224348224089 -0.6886136052951681 0 3.116241285575652 
19792.1162369323 0 2198.155734214452 -0.696286046902982 0 3.115393919473793 
19786.73886758865 0 2222.080574979478 -0.7039595061358274 0 3.114536933698584 
19781.30255745344 0 2245.998796599882 -0.7116339941980018 0 3.113670319294261 
19775.8072985816 0 2269.910325087191 -0.719309522294718 0 3.11279406720026 
19770.25308294199 0 2293.815086382938 -0.7269861016321005 0 3.111908168250979 
19764.6399024174 0 2317.713006357854 -0.7346637434171815 0 3.111012613175543 
19758.96774880456 0 2341.60401081106 -0.7423424588578958 0 3.110107392597555 
19753.23661381408 0 2365.488025469253 -0.7500222591630762 0 3.109192497034863 
19747.44648907049 0 2389.364975985895 -0.7577031555424474 0 3.108267916899305 
19741.59736611222 0 2413.234787940399 -0.7653851592066202 0 3.10733364249646 
19735.6892363916 0 2437.097386837306 -0.7730682813670847 0 3.1063896640254 
19729.72209127483 0 2460.952698105475 -0.7807525332362032 0 3.105435971578426 
19723.69592204201 0 2484.800647097252 -0.7884379260272026 0 3.104472555140819 
19717.61071988708 0 2508.641159087656 -0.7961244709541662 0 3.103499404590571 
19711.46647591788 0 2532.474159273548 -0.8038121792320244 0 3.102516509698121 
19705.26318115609 0 2556.299572772807 -0.8115010620765467 0 3.101523860126091 
19699.00082653725 0 2580.117324623498 -0.8191911307043305 0 3.100521445429012 
19692.67940291073 0 2603.927339783044 -0.8268823963327913 0 3.099509255053054 
19686.29890103977 0 2627.72954312739 -0.8345748701801519 0 3.098487278335743 
19679.85931160142 0 2651.523859450169 -0.8422685634654303 0 3.097455504505688 
19673.36062518656 0 2675.310213461865 -0.8499634874084289 0 3.096413922682295 
19666.80283229991 0 2699.08852978897 -0.8576596532297195 0 3.095362521875477 
19660.18592335998 0 2722.858732973146 -0.8653570721506323 0 3.094301290985376 
19653.50988869912 0 2746.620747470378 -0.8730557553932408 0 3.09323021880206 
19646.77471856347 0 2770.374497650128 -0.8807557141803471 0 3.092149294005232 
19639.98040311295 0 2794.119907794488 -0.8884569597354679 0 3.091058505163935 
19633.12693242131 0 2817.856902097324 -0.896159503282817 0 3.089957840736242 
19626.21429647607 0 2841.585404663428 -0.9038633560472903 0 3.088847289068963 
19619.24248517853 0 2865.30533950766 -0.9115685292544484 0 3.087726838397327 
19612.21148834378 0 2889.016630554092 -0.9192750341304986 0 3.086596476844674 
19605.12129570066 0 2912.719201635141 -0.9269828819022764 0 3.085456192422146 
19597.97189689181 0 2936.412976490714 -0.9346920837972269 0 3.084305973028363 
19590.76328147362 0 2960.097878767337 -0.9424026510433846 0 3.083145806449106 
19583.49543891623 0 2983.773832017288 -0.9501145948693535 0 3.081975680356991 
19576.16835860355 0 3007.44075969773 -0.9578279265042849 0 3.080795582311143 
19568.78202983323 0 3031.098585169835 -0.9655426571778574 0 3.07960549975687 
19561.33644181668 0 3054.747231697909 -0.9732587981202522 0 3.07840542002532 
19553.83158367904 0 3078.386622448512 -0.9809763605621313 0 3.077195330333153 
19546.2674444592 0 3102.016680489582 -0.9886953557346129 0 3.075975217782194 
19538.64401310979 0 3125.637328789549 -0.9964157948692465 0 3.074745069359095 
19530.96127849715 0 3149.248490216447 -1.004137689197988 0 3.073504871934986 
19523.21922940138 0 3172.850087537029 -1.011861049953172 0 3.072254612265124 
19515.41785451628 0 3196.442043415875 -1.019585888367487 0 3.070994276988536 
19507.5571424494 0 3220.024280414494 -1.027312215673946 0 3.069723852627672 
19499.637081722 0 3243.596720990434 -1.035040043105857 0 3.068443325588034 
19491.65766076906 0 3267.159287496376 -1.042769381896795 0 3.067152682157818 
19483.61886793927 0 3290.711902179237 -1.050500243280572 0 3.065851908507543 
19475.52069149506 0 3314.254487179259 -1.058232638491206 0 3.064540990689685 
19467.36311961256 0 3337.786964529107 -1.065966578762885 0 3.063219914638297 
19459.14614038161 0 3361.30925615295 -1.073702075329941 0 3.061888666168636 
19450.86974180576 0 3384.821283865559 -1.081439139426811 0 3.060547230976779 
19442.5339118023 0 3408.322969371378 -1.089177782288006 0 3.059195594639237 
19434.1386382022 0 3431.814234263612 -1.096918015148073 0 3.057833742612571 
19425.68390875016 0 3455.2950000233 -1.104659849241559 0 3.056461660232995 
19417.16971110459 0 3478.765188018392 -1.112403295802975 0 3.055079332715984 
19408.5960328376 0 3502.224719502818 -1.120148366066759 0 3.053686745155874 
19399.96286143503 0 3525.673515615556 -1.127895071267234 0 3.052283882525455 
19391.27018429642 0 3549.111497379702 -1.13564342263857 0 3.050870729675572 
19382.51798873503 0 3572.538585701521 -1.143393431414741 0 3.049447271334708 
19373.70626197785 0 3595.95470136952 -1.151145108829489 0 3.048013492108574 
19364.83499116556 0 3619.359765053488 -1.158898466116273 0 3.046569376479689 
19355.9041633526 0 3642.753697303561 -1.166653514508231 0 3.04511490880696 
19346.9137655071 0 3666.136418549263 -1.174410265238133 0 3.043650073325259 
19337.86378451093 0 3689.507849098557 -1.182168729538337 0 3.042174854144989 
19328.75420715969 0 3712.867909136883 -1.189928918640739 0 3.040689235251655 
19319.58502016273 0 3736.216518726199 -1.197690843776729 0 3.039193200505425 
19310.3562101431 0 3759.553597804017 -1.205454516177138 0 3.037686733640695 
19301.06776363763 0 3782.879066182435 -1.213219947072192 0 3.036169818265636 
19291.71966709689 0 3806.192843547165 -1.22098714769146 0 3.034642437861756 
19282.31190688517 0 3829.494849456559 -1.228756129263799 0 3.033104575783437 
19272.84446928057 0 3852.785003340631 -1.236526903017305 0 3.031556215257491 
19263.31734047491 0 3876.063224500077 -1.244299480179256 0 3.029997339382688 
19253.73050657381 0 3899.329432105284 -1.252073871976058 0 3.028427931129304 
19244.08395359666 0 3922.583545195349 -1.259850089633187 0 3.026847973338642 
19234.37766747662 0 3945.825482677082 -1.267628144375134 0 3.025257448722569 
19224.61163406067 0 3969.055163324011 -1.275408047425344 0 3.023656339863034 
19214.78583910958 0 3992.272505775381 -1.283189810006154 0 3.022044629211592 
19204.90026829791 0 4015.477428535154 -1.290973443338738 0 3.020422299088918 
19194.95490721406 0 4038.669849970999 -1.29875895864304 0 3.018789331684319 
19184.94974136027 0 4061.84968831328 -1.306546367137708 0 3.017145709055241 
19174.88475615259 0 4085.016861654047 -1.314335680040039 0 3.015491413126776 
19164.75993692094 0 4108.171287946009 -1.322126908565899 0 3.013826425691156 
19154.57526890909 0 4131.312885001524 -1.32992006392967 0 3.012150728407252 
19144.33073727469 0 4154.441570491555 -1.337715157344169 0 3.010464302800063 
19134.02632708929 0 4177.55726194466 -1.345512200020588 0 3.008767130260203 
19123.66202333829 0 4200.65987674594 -1.353311203168415 0 3.007059192043386 
19113.23781092105 0 4223.749332136014 -1.361112177995367 0 3.005340469269898 
19102.75367465083 0 4246.825545209968 -1.368915135707313 0 3.003610942924076 
19092.20959925485 0 4269.888432916316 -1.3767200875082 0 3.001870593853778 
19081.60556937425 0 4292.93791205594 -1.384527044599976 0 3.000119402769841 
19070.94156956417 0 4315.973899281048 -1.392336018182513 0 2.998357350245549 
19060.21758429373 0 4338.996311094105 -1.400147019453526 0 2.996584416716085 
19049.43359794604 0 4362.005063846776 -1.407960059608494 0 2.994800582477984 
19038.58959481825 0 4385.000073738857 -1.415775149840576 0 2.993005827688579 
19027.68555912154 0 4407.981256817205 -1.423592301340527 0 2.991200132365445 
19016.72147498115 0 4430.948528974655 -1.431411525296616 0 2.989383476385836 
19005.69732643638 0 4453.901805948955 -1.439232832894537 0 2.987555839486119 
18994.61309744065 0 4476.841003321669 -1.44705623531732 0 2.985717201261201 
18983.4687718615 0 4499.76603651709 -1.454881743745244 0 2.983867541163957 
18972.26433348058 0 4522.676820801155 -1.462709369355742 0 2.982006838504645 
18960.99976599374 0 4545.573271280336 -1.470539123323311 0 2.980135072450322 
18949.67505301097 0 4568.455302900547 -1.47837101681942 0 2.978252222024258 
18938.29017805653 0 4591.322830446033 -1.486205061012408 0 2.976358266105335 
18926.84512456884 0 4614.175768538257 -1.49404126706739 0 2.974453183427454 
18915.33987590064 0 4637.014031634791 -1.501879646146159 0 2.972536952578924 
18903.77441531892 0 4659.837534028188 -1.509720209407081 0 2.970609552001858 
18892.14872600499 0 4682.646189844861 -1.517562968004997 0 2.968670959991556 
18880.46279105448 0 4705.439913043951 -1.525407933091115 0 2.966721154695889 
18868.71659347743 0 4728.218617416196 -1.533255115812908 0 2.96476011411467 
18856.91011619823 0 4750.982216582785 -1.541104527314002 0 2.962787816099032 
18845.04334205572 0 4773.730623994216 -1.548956178734069 0 2.960804238350787 
18833.11625380318 0 4796.463752929155 -1.556810081208717 0 2.958809358421793 
18821.1288341084 0 4819.181516493267 -1.564666245869373 0 2.956803153713306 
18809.08106555366 0 4841.883827618068 -1.572524683843173 0 2.954785601475332 
18796.97293063583 0 4864.570599059758 -1.58038540625284 0 2.952756678805974 
18784.80441176634 0 4887.241743398049 -1.588248424216571 0 2.950716362650772 
18772.57549127125 0 4909.897173034992 -1.596113748847913 0 2.948664629802035 
18760.28615139128 0 4932.536800193803 -1.603981391255642 0 2.946601456898176 
18747.93637428185 0 4955.160536917667 -1.611851362543637 0 2.944526820423036 
18735.52614201312 0 4977.768295068558 -1.619723673810756 0 2.9424406967052 
18723.05543657002 0 5000.359986326042 -1.627598336150709 0 2.940343061917314 
18710.52423985226 0 5022.935522186073 -1.635475360651922 0 2.938233892075393 
18697.93253367447 0 5045.494813959792 -1.643354758397411 0 2.936113163038126 
18685.28029976613 0 5068.03777277231 -1.651236540464647 0 2.933980850506171 
18672.56751977166 0 5090.564309561499 -1.659120717925413 0 2.931836930021449 
18659.79417525049 0 5113.074335076763 -1.667007301845676 0 2.92968137696643 
18646.96024767706 0 5135.567759877816 -1.674896303285439 0 2.927514166563418 
18634.0657184409 0 5158.044494333445 -1.6827877332986 0 2.925335273873819 
18621.11056884663 0 5180.504448620275 -1.690681602932808 0 2.923144673797419 
18608.0947801141 0 5202.947532721521 -1.698577923229317 0 2.920942341071644 
18595.01833337832 0 5225.373656425743 -1.706476705222833 0 2.918728250270821 
18581.88120968961 0 5247.782729325583 -1.714377959941366 0 2.916502375805428 
18568.68339001362 0 5270.174660816513 -1.722281698406077 0 2.914264691921344 
18555.42485523133 0 5292.549360095561 -1.730187931631117 0 2.912015172699087 
18542.10558613921 0 5314.906736160039 -1.738096670623474 0 2.909753792053055 
18528.72556344918 0 5337.246697806268 -1.746007926382808 0 2.907480523730748 
18515.28476778872 0 5359.569153628287 -1.753921709901292 0 2.905195341311998 
18501.78317970091 0 5381.874012016569 -1.761838032163443 0 2.902898218208182 
18488.22077964449 0 5404.161181156718 -1.769756904145956 0 2.900589127661438 
18474.59754799392 0 5426.430569028171 -1.77767833681753 0 2.898268042743864 
18460.91346503945 0 5448.682083402884 -1.785602341138703 0 2.895934936356725 
18447.16851098719 0 5470.915631844024 -1.793528928061667 0 2.89358978122964 
18433.36266595913 0 5493.131121704636 -1.801458108530096 0 2.89123254991977 
18419.49590999327 0 5515.328460126331 -1.809389893478965 0 2.888863214811001 
18405.56822304365 0 5537.507554037935 -1.817324293834363 0 2.886481748113118 
18391.57958498042 0 5559.668310154164 -1.825261320513312 0 2.88408812186097 
18377.52997558991 0 5581.810634974265 -1.833200984423575 0 2.881682307913636 
18363.41937457472 0 5603.934434780671 -1.841143296463466 0 2.879264277953573 
18349.24776155378 0 5626.039615637636 -1.849088267521654 0 2.876834003485775 
18335.01511606242 0 5648.126083389873 -1.857035908476972 0 2.874391455836907 
18320.72141755246 0 5670.193743661175 -1.86498623019821 0 2.871936606154442 
18306.36664539227 0 5692.242501853044 -1.872939243543918 0 2.869469425405795 
18291.95077886687 0 5714.272263143293 -1.880894959362196 0 2.866989884377439 
18277.47379717799 0 5736.282932484668 -1.888853388490491 0 2.864497953674022 
18262.93567944417 0 5758.274414603433 -1.896814541755383 0 2.861993603717481 
18248.33640470085 0 5780.246613997972 -1.904778429972369 0 2.859476804746136 
18233.67595190042 0 5802.199434937374 -1.912745063945649 0 2.856947526813793 
18218.95429991234 0 5824.13278146001 -1.920714454467907 0 2.854405739788828 
18204.17142752323 0 5846.046557372108 -1.928686612320081 0 2.851851413353266 
18189.32731343693 0 5867.940666246316 -1.936661548271143 0 2.849284517001862 
18174.42193627465 0 5889.815011420262 -1.944639273077869 0 2.846705020041164 
18159.455274575 0 5911.669495995102 -1.9526197974846 0 2.844112891588574 
18144.42730679411 0 5933.504022834067 -1.960603132223016 0 2.8415081005714 
18129.33801130577 0 5955.318494560996 -1.968589288011886 0 2.838890615725905 
18114.18736640145 0 5977.11281355887 -1.976578275556834 0 2.836260405596341 
18098.97535029047 0 5998.886881968326 -1.984570105550087 0 2.833617438533985 
18083.70194110008 0 6020.640601686178 -1.992564788670231 0 2.830961682696159 
18068.36711687556 0 6042.37387436392 -2.000562335581952 0 2.828293106045252 
18052.97085558034 0 6064.086601406227 -2.008562756935785 0 2.825611676347719 
18037.51313509608 0 6085.778683969441 -2.016566063367851 0 2.822917361173096 
18021.99393322283 0 6107.450022960066 -2.024572265499598 0 2.820210127892981 
18006.41322767911 0 6129.10051903323 -2.032581373937526 0 2.81748994368003 
17990.77099610202 0 6150.730072591162 -2.040593399272925 0 2.81475677550693 
17975.0672160474 0 6172.33858378165 -2.048608352081595 0 2.812010590145371 
17959.30186498989 0 6193.925952496495 -2.056626242923571 0 2.809251354165011 
17943.47492032312 0 6215.492078369947 -2.064647082342838 0 2.806479033932429 
17927.58635935975 0 6237.036860777158 -2.072670880867051 0 2.803693595610074 
17911.6361593317 0 6258.560198832589 -2.080697649007239 0 2.800895005155203 
17895.62429739018 0 6280.061991388447 -2.088727397257516 0 2.798083228318812 
17879.55075060589 0 6301.542137033089 -2.096760136094781 0 2.79525823064456 
17863.41549596911 0 6323.000534089425 -2.104795875978418 0 2.792419977467685 
17847.21851038987 0 6344.437080613316 -2.112834627349992 0 2.78956843391391 
17830.95977069806 0 6365.851674391959 -2.120876400632936 0 2.786703564898339 
17814.63925364359 0 6387.244212942263 -2.128921206232239 0 2.783825335124351 
17798.25693589652 0 6408.614593509226 -2.13696905453413 0 2.780933709082479 
17781.81279404721 0 6429.962713064285 -2.145019955905751 0 2.778028651049287 
17765.30680460649 0 6451.288468303677 -2.153073920694835 0 2.775110125086228 
17748.73894400574 0 6472.591755646778 -2.161130959229376 0 2.772178095038508 
17732.10918859715 0 6493.872471234439 -2.169191081817288 0 2.769232524533929 
17715.41751465377 0 6515.130510927314 -2.177254298746069 0 2.766273376981728 
17698.66389836973 0 6536.365770304173 -2.18532062028246 0 2.763300615571408 
17681.84831586041 0 6557.578144660208 -2.193390056672089 0 2.760314203271559 
17664.97074316254 0 6578.767529005339 -2.201462618139122 0 2.757314102828671 
17648.03115623444 0 6599.933818062501 -2.209538314885906 0 2.754300276765935 
17631.02953095613 0 6621.076906265921 -2.217617157092603 0 2.751272687382039 
17613.96584312954 0 6642.196687759387 -2.225699154916824 0 2.748231296749954 
17596.84006847867 0 6663.293056394517 -2.233784318493256 0 2.745176066715706 
17579.65218264976 0 6684.36590572901 -2.241872657933285 0 2.742106958897149 
17562.40216121148 0 6705.415129024885 -2.249964183324615 0 2.739023934682714 
17545.08997965514 0 6726.44061924671 -2.258058904730876 0 2.735926955230166 
17527.7156133948 0 6747.442269059839 -2.266156832191237 0 2.732815981465334 
17510.27903776756 0 6768.419970828616 -2.274257975720006 0 2.729690974080846 
17492.78022803365 0 6789.373616614575 -2.282362345306225 0 2.726551893534845 
17475.21915937672 0 6810.303098174647 -2.290469950913265 0 2.723398700049699 
17457.59580690397 0 6831.208306959332 -2.298580802478413 0 2.720231353610702 
17439.91014564638 0 6852.089134110884 -2.30669490991245 0 2.717049813964764 
17422.16215055892 0 6872.945470461459 -2.314812283099227 0 2.713854040619088 
17404.35179652076 0 6893.777206531289 -2.322932931895239 0 2.710643992839845 
17386.47905833544 0 6914.58423252681 -2.331056866129185 0 2.707419629650829 
17368.54391073115 0 6935.366438338804 -2.339184095601528 0 2.704180909832109 
17350.54632836091 0 6956.123713540514 -2.34731463008405 0 2.70092779191867 
17332.48628580277 0 6976.855947385762 -2.355448479319397 0 2.697660234199041 
17314.3637575601 0 6997.563028807052 -2.363585653020621 0 2.694378194713912 
17296.17871806177 0 7018.244846413661 -2.371726160870717 0 2.691081631254745 
17277.9311416624 0 7038.901288489707 -2.379870012522147 0 2.687770501362372 
17259.62100264257 0 7059.532242992239 -2.388017217596373 0 2.684444762325581 
17241.24827520911 0 7080.137597549281 -2.396167785683362 0 2.681104371179691 
17222.8129334953 0 7100.717239457886 -2.40432172634111 0 2.677749284705123 
17204.31495156115 0 7121.271055682165 -2.412479049095132 0 2.674379459425947 
17185.75430339361 0 7141.798932851326 -2.420639763437974 0 2.670994851608436 
17167.13096290685 0 7162.300757257676 -2.428803878828694 0 2.667595417259589 
17148.44490394256 0 7182.776414854631 -2.436971404692354 0 2.664181112125657 
17129.69610027012 0 7203.225791254702 -2.445142350419494 0 2.660751891690658 
17110.88452558694 0 7223.648771727481 -2.453316725365606 0 2.657307711174867 
17092.01015351873 0 7244.045241197607 -2.4614945388506 0 2.65384852553331 
17073.07295761973 0 7264.415084242717 -2.469675800158255 0 2.650374289454241 
17054.07291137302 0 7284.758185091405 -2.477860518535682 0 2.646884957357601 
17035.00998819081 0 7305.074427621141 -2.486048703192755 0 2.643380483393478 
17015.88416141469 0 7325.363695356202 -2.494240363301558 0 2.639860821440544 
16996.695404316 0 7345.625871465575 -2.502435507995808 0 2.636325925104485 
16977.44369009603 0 7365.860838760858 -2.510634146370281 0 2.63277574771642 
16958.12899188638 0 7386.068479694146 -2.518836287480224 0 2.629210242331307 
16938.75128274926 0 7406.248676355898 -2.527041940340766 0 2.625629361726331 
16919.3105356778 0 7426.401310472804 -2.535251113926311 0 2.622033058399293 
16899.80672359635 0 7446.526263405627 -2.54346381716994 0 2.618421284566975 
16880.23981936081 0 7466.623416147046 -2.551680058962784 0 2.614793992163496 
16860.60979575895 0 7486.692649319471 -2.55989984815341 0 2.611151132838655 
16840.91662551075 0 7506.733843172852 -2.568123193547183 0 2.607492657956265 
16821.16028126873 0 7526.746877582488 -2.576350103905629 0 2.60381851859247 
16801.34073561828 0 7546.731632046796 -2.584580587945786 0 2.600128665534054 
16781.45796107801 0 7566.687985685094 -2.592814654339549 0 2.596423049276726 
16761.5119301001 0 7586.615817235348 -2.601052311713003 0 2.592701620023409 
16741.50261507067 0 7606.515005051925 -2.609293568645753 0 2.588964327682501 
16721.4299883101 0 7626.385427103322 -2.617538433670241 0 2.585211121866129 
16701.29402207343 0 7646.226960969885 -2.625786915271054 0 2.581441951888393 
16681.09468855073 0 7666.039483841504 -2.634039021884227 0 2.577656766763588 
16660.83195986744 0 7685.822872515316 -2.642294761896534 0 2.57385551520442 
16640.5058080848 0 7705.577003393378 -2.650554143644771 0 2.570038145620205 
16620.1162052002 0 7725.301752480321 -2.658817175415029 0 2.566204606115052 
16599.66312314759 0 7744.996995381014 -2.667083865441959 0 2.562354844486042 
16579.14653379787 0 7764.662607298186 -2.675354221908028 0 2.558488808221377 
16558.56640895928 0 7784.298463030055 -2.683628252942765 0 2.554606444498531 
16537.92272037787 0 7803.904436967925 -2.69190596662199 0 2.550707700182377 
16517.21543973783 0 7823.480403093785 -2.700187370967051 0 2.546792521823298 
16496.44453866197 0 7843.02623497789 -2.708472473944036 0 2.542860855655298 
16475.60998871213 0 7862.541805776312 -2.716761283462975 0 2.538912647594077 
16454.7117613896 0 7882.026988228496 -2.725053807377041 0 2.534947843235114 
16433.7498281356 0 7901.481654654791 -2.733350053481737 0 2.530966387851712 
16412.72416033168 0 7920.905676953968 -2.741650029514067 0 2.52696822639305 
16391.6347293002 0 7940.298926600727 -2.749953743151707 0 2.522953303482203 
16370.48150630476 0 7959.661274643173 -2.758261202012156 0 2.518921563414161 
16349.26446255074 0 7978.9925917003 -2.766572413651878 0 2.514872950153817 
16327.98356918566 0 7998.292747959448 -2.774887385565441 0 2.510807407333955 
16306.63879729974 0 8017.561613173734 -2.783206125184635 0 2.506724878253214 
16285.23011792639 0 8036.799056659488 -2.791528639877582 0 2.502625305874036 
16263.75750204262 0 8056.004947293659 -2.799854936947839 0 2.498508632820602 
16242.22092056965 0 8075.179153511207 -2.808185023633483 0 2.494374801376749 
16220.62034437333 0 8094.321543302483 -2.816518907106189 0 2.490223753483877 
16198.95574426469 0 8113.431984210593 -2.824856594470295 0 2.486055430738828 
16177.22709100047 0 8132.51034332874 -2.833198092761855 0 2.481869774391762 
16155.4343552836 0 8151.556487297556 -2.841543408947679 0 2.477666725344009 
16133.57750776382 0 8170.570282302407 -2.849892549924359 0 2.473446224145902 
16111.65651903813 0 8189.551594070699 -2.858245522517294 0 2.469208210994606 
16089.67135965141 0 8208.500287869152 -2.866602333479683 0 2.464952625731914 
16067.62200009692 0 8227.416228501066 -2.874962989491527 0 2.460679407842035 
16045.50841081694 0 8246.299280303552 -2.883327497158598 0 2.456388496449367 
16023.33056220327 0 8265.149307144779 -2.891695863011409 0 2.452079830316245 
16001.08842459787 0 8283.966172421175 -2.900068093504167 0 2.447753347840681 
15978.78196829338 0 8302.749739054618 -2.908444195013711 0 2.443408987054077 
15956.41116353381 0 8321.499869489613 -2.916824173838436 0 2.439046685618926 
15933.97598051509 0 8340.216425690456 -2.925208036197207 0 2.434666380826497 
15911.47638938566 0 8358.899269138365 -2.933595788228257 0 2.430268009594496 
15888.91236024717 0 8377.548260828607 -2.941987435988071 0 2.425851508464712 
15866.28386315505 0 8396.163261267597 -2.950382985450251 0 2.421416813600647 
15843.59086811918 0 8414.74413046999 -2.958782442504382 0 2.416963860785124 
15820.83334510451 0 8433.290727955742 -2.967185812954864 0 2.412492585417881 
15798.01126403176 0 8451.80291274716 -2.975593102519741 0 2.408002922513139 
15775.12459477807 0 8470.280543365938 -2.984004316829513 0 2.403494806697158 
15752.17330717765 0 8488.723477830152 -2.992419461425932 0 2.398968172205771 
15729.15737102252 0 8507.131573651273 -3.000838541760785 0 2.394422952881901 
15706.07675606316 0 8525.504687831117 -3.009261563194653 0 2.389859082173055 
15682.93143200923 0 8543.84267685882 -3.01768853099567 0 2.385276493128803 
15659.7213685303 0 8562.145396707756 -3.02611945033825 0 2.380675118398234 
15636.44653525655 0 8580.412702832456 -3.034554326301807 0 2.376054890227391 
15613.10690177951 0 8598.644450165506 -3.042993163869457 0 2.371415740456696 
15589.70243765282 0 8616.840493114418 -3.051435967926702 0 2.366757600518338 
15566.23311239299 0 8635.000685558485 -3.059882743260099 0 2.362080401433658 
15542.69889548012 0 8653.124880845617 -3.068333494555913 0 2.357384073810502 
15519.09975635873 0 8671.212931789149 -3.076788226398747 0 2.352668547840558 
15495.43566443851 0 8689.264690664644 -3.085246943270163 0 2.347933753296672 
15471.70658909513 0 8707.280009206657 -3.093709649547276 0 2.343179619530143 
15447.91249967105 0 8725.258738605497 -3.102176349501346 0 2.338406075467993 
15424.05336547635 0 8743.200729503938 -3.110647047296325 0 2.333613049610228 
15400.12915578951 0 8761.105831993955 -3.119121746987418 0 2.328800470027059 
15376.13983985831 0 8778.973895613388 -3.127600452519599 0 2.323968264356118 
15352.08538690066 0 8796.804769342631 -3.136083167726124 0 2.319116359799642 
15327.96576610546 0 8814.598301601256 -3.144569896327017 0 2.314244683121642 
15303.78094663346 0 8832.35434024465 -3.15306064192754 0 2.309353160645043 
15279.53089761819 0 8850.072732560613 -3.161555408016643 0 2.304441718248808 
15255.21558816682 0 8867.753325265934 -3.170054197965396 0 2.299510281365037 
15230.83498736108 0 8885.395964502948 -3.178557015025397 0 2.29455877497604 
15206.38906425822 0 8903.000495836075 -3.187063862327159 0 2.289587123611393 
15181.87778789188 0 8920.566764248329 -3.195574742878487 0 2.284595251344967 
15157.30112727309 0 8938.094614137801 -3.204089659562819 0 2.279583081791938 
15132.65905139122 0 8955.58388931413 -3.212608615137556 0 2.274550538105766 
15107.95152921494 0 8973.034432994946 -3.22113161223237 0 2.269497542975158 
15083.17852969324 0 8990.446087802282 -3.229658653347484 0 2.264424018621003 
15058.34002175638 0 9007.818695758984 -3.238189740851939 0 2.259329886793285 
15033.43597431695 0 9025.152098285058 -3.246724876981829 0 2.254215068767973 
15008.46635627089 0 9042.446136194039 -3.255264063838526 0 2.24907948534388 
14983.43113649851 0 9059.70064968931 -3.263807303386865 0 2.243923056839506 
14958.33028386555 0 9076.915478360384 -3.272354597453325 0 2.238745703089851 
14933.1637672243 0 9094.090461179203 -3.280905947724172 0 2.233547343443206 
14907.93155541458 0 9111.225436496366 -3.289461355743583 0 2.228327896757913 
14882.63361726496 0 9128.320242037373 -3.298020822911753 0 2.223087281399109 
14857.26992159378 0 9145.374714898802 -3.306584350482962 0 2.217825415235437 
14831.84043721033 0 9162.388691544504 -3.315151939563632 0 2.212542215635733 
14806.34513291597 0 9179.362007801737 -3.323723591110356 0 2.207237599465687 
14780.78397750528 0 9196.294498857298 -3.332299305927893 0 2.20191148308448 
14755.15693976728 0 9213.185999253612 -3.340879084667146 0 2.196563782341393 
14729.46398848657 0 9230.036342884809 -3.349462927823113 0 2.191194412572388 
14703.70509244454 0 9246.845362992761 -3.35805083573281 0 2.185803288596662 
14677.88022042063 0 9263.612892163106 -3.366642808573164 0 2.18039032471318 
14651.98934119353 0 9280.338762321238 -3.375238846358888 0 2.174955434697169 
14626.03242354245 0 9297.022804728269 -3.383838948940317 0 2.169498531796599 
14600.00943624838 0 9313.664849976965 -3.39244311600123 0 2.164019528728624 
14573.9203480954 0 9330.264727987658 -3.401051347056626 0 2.158518337676 
14547.76512787196 0 9346.822268004125 -3.40966364145049 0 2.152994870283476 
14521.54374437221 0 9363.337298589446 -3.418279998353519 0 2.147449037654158 
14495.25616639736 0 9379.809647621823 -3.426900416760821 0 2.141880750345834 
14468.90236275699 0 9396.23914229038 -3.435524895489584 0 2.136289918367284 
14442.48230227049 0 9412.625609090941 -3.444153433176716 0 2.130676451174554 
14415.99595376839 0 9428.968873821754 -3.452786028276458 0 2.125040257667199 
14389.44328609382 0 9445.268761579215 -3.461422679057956 0 2.119381246184498 
14362.82426810392 0 9461.525096753545 -3.470063383602812 0 2.113699324501646 
14336.13886867128 0 9477.737703024444 -3.4787081398026 0 2.107994399825902 
14309.38705668543 0 9493.906403356716 -3.487356945356345 0 2.10226637879272 
14282.56880105434 0 9510.031019995855 -3.49600979776798 0 2.096515167461841 
14255.68407070586 0 9526.111374463615 -3.504666694343755 0 2.090740671313362 
14228.73283458936 0 9542.147287553546 -3.513327632189631 0 2.084942795243761 
14201.71506167716 0 9558.138579326482 -3.521992608208623 0 2.079121443561908 
14174.63072096618 0 9574.085069106024 -3.530661619098117 0 2.073276519985029 
14147.47978147952 0 9589.986575473984 -3.539334661347154 0 2.067407927634649 
14120.26221226802 0 9605.842916265778 -3.548011731233676 0 2.061515569032495 
14092.97798241194 0 9621.653908565822 -3.556692824821731 0 2.055599346096376 
14065.62706102263 0 9637.41936870286 -3.565377937958651 0 2.049659160136017 
14038.20941724413 0 9653.13911224529 -3.574067066272187 0 2.043694911848877 
14010.72502025494 0 9668.812953996441 -3.582760205167611 0 2.037706501315918 
13983.17383926972 0 9684.440707989823 -3.591457349824779 0 2.03169382799735 
13955.55584354101 0 9700.022187484337 -3.600158495195148 0 2.025656790728345 
13927.87100236102 0 9715.557204959468 -3.60886363599877 0 2.019595287714704 
13900.11928506341 0 9731.045572110423 -3.617572766721229 0 2.013509216528504 
13872.3006610251 0 9746.487099843258 -3.626285881610555 0 2.007398474103706 
13844.41509966814 0 9761.881598269947 -3.635002974674086 0 2.001262956731723 
13816.46257046149 0 9777.228876703444 -3.643724039675288 0 1.99510256005696 
13788.44304292301 0 9792.528743652687 -3.652449070130548 0 1.988917179072315 
13760.35648662127 0 9807.781006817579 -3.661178059305908 0 1.982706708114649 
13732.20287117757 0 9822.985473083927 -3.669911000213762 0 1.976471040860213 
13703.98216626786 0 9838.141948518361 -3.678647885609519 0 1.970210070320047 
13675.69434162469 0 9853.250238363202 -3.687388707988206 0 1.963923688835334 
13647.33936703932 0 9868.310147031292 -3.696133459581042 0 1.957611788072728 
13618.91721236367 0 9883.321478100805 -3.704882132351954 0 1.951274259019635 
13590.42784751242 0 9898.284034310007 -3.713634717994057 0 1.944910991979464 
13561.87124246513 0 9913.19761755199 -3.722391207926087 0 1.938521876566835 
13533.24736726829 0 9928.06202886935 -3.731151593288775 0 1.932106801702757 
13504.55619203755 0 9942.877068448855 -3.739915864941192 0 1.925665655609758 
13475.79768695985 0 9957.642535616054 -3.748684013457034 0 1.919198325806984 
13446.97182229564 0 9972.35822882986 -3.757456029120857 0 1.91270469910526 
13418.07856838111 0 9987.023945677083 -3.766231901924271 0 1.906184661602104 
13389.11789563046 0 10001.63948286694 -3.775011621562078 0 1.899638098676713 
13360.08977453819 0 10016.20463622552 -3.783795177428357 0 1.893064894984898 
13330.99417568143 0 10030.7192006902 -3.792582558612505 0 1.886464934453993 
13301.83106972229 0 10045.18297030402 -3.801373753895218 0 1.879838100277708 
13272.60042741025 0 10059.59573821007 -3.810168751744421 0 1.873184274910953 
13243.30221958458 0 10073.95729664575 -3.818967540311153 0 1.86650334006462 
13213.93641717679 0 10088.26743693706 -3.827770107425382 0 1.859795176700318 
13184.50299121311 0 10102.52594949282 -3.836576440591772 0 1.853059665025077 
13155.00191281699 0 10116.73262379883 -3.845386526985404 0 1.846296684485996 
13125.43315321169 0 10130.88724841206 -3.85420035344742 0 1.839506113764862 
13095.7966837228 0 10144.98961095473 -3.863017906480627 0 1.832687830772725 
13066.09247578092 0 10159.03949810835 -3.871839172245033 0 1.825841712644422 
13036.32050092427 0 10173.03669560774 -3.880664136553329 0 1.818967635733066 
13006.48073080138 0 10186.98098823504 -3.889492784866304 0 1.81206547560449 
12976.57313717383 0 10200.87215981362 -3.898325102288207 0 1.805135107031649 
12946.59769191898 0 10214.70999320194 -3.907161073562046 0 1.798176403988972 
12916.55436703277 0 10228.49427028746 -3.916000683064817 0 1.791189239646678 
12886.44313463258 0 10242.22477198036 -3.924843914802677 0 1.784173486365044 
12856.26396696004 0 10255.90127820738 -3.933690752406053 0 1.777129015688627 
12826.01683638401 0 10269.52356790547 -3.942541179124679 0 1.770055698340443 
12795.70171540343 0 10283.09141901547 -3.951395177822576 0 1.762953404216097 
12765.31857665038 0 10296.60460847578 -3.960252730972952 0 1.755822002377875 
12734.86739289308 0 10310.06291221587 -3.969113820653052 0 1.748661361048784 
12704.34813703893 0 10323.46610514984 -3.977978428538921 0 1.741471347606544 
12673.76078213764 0 10336.81396116992 -3.986846535900107 0 1.734251828577539 
12643.10530138434 0 10350.10625313988 -3.995718123594293 0 1.727002669630716 
12612.3816681228 0 10363.34275288844 -4.004593172061852 0 1.719723735571445 
12581.58985584864 0 10376.5232312026 -4.013471661320333 0 1.712414890335315 
12550.72983821258 0 10389.64745782094 -4.022353570958873 0 1.705075996981902 
12519.80158902381 0 10402.71520142689 -4.031238880132531 0 1.697706917688474 
12488.80508225327 0 10415.72622964188 -4.040127567556549 0 1.690307513743657 
12457.7402920371 0 10428.68030901854 -4.049019611500535 0 1.68287764554104 
12426.60719268007 0 10441.57720503377 -4.057914989782565 0 1.675417172572746 
12395.40575865909 0 10454.41668208181 -4.066813679763207 0 1.667925953422942 
12364.13596462671 0 10467.19850346722 -4.075715658339473 0 1.660403845761303 
12332.79778541473 0 10479.92243139785 -4.084620901938671 0 1.652850706336427 
12301.39119603783 0 10492.58822697774 -4.093529386512193 0 1.645266390969197 
12269.91617169726 0 10505.19565019994 -4.102441087529205 0 1.637650754546094 
12238.37268778452 0 10517.74445993936 -4.111355979970261 0 1.630003651012454 
12206.76071988521 0 10530.23441394547 -4.120274038320825 0 1.622324933365685 
12175.08024378278 0 10542.665268835 -4.129195236564711 0 1.614614453648415 
12143.33123546248 0 10555.0367800846 -4.138119548177425 0 1.606872062941607 
12111.51367111525 0 10567.34870202342 -4.147046946119427 0 1.599097611357603 
12079.6275271417 0 10579.60078782562 -4.155977402829294 0 1.591290948033128 
12047.67278015616 0 10591.79278950289 -4.164910890216796 0 1.583451921122236 
12015.64940699077 0 10603.92445789683 -4.173847379655871 0 1.575580377789204 
11983.55738469962 0 10615.99554267138 -4.182786841977512 0 1.567676164201369 
11951.39669056291 0 10628.00579230506 -4.191729247462551 0 1.559739125521915 
11919.16730209128 0 10639.95495408331 -4.200674565834352 0 1.551769105902601 
11886.86919703005 0 10651.8427740906 -4.209622766251392 0 1.543765948476439 
11854.50235336364 0 10663.66899720269 -4.218573817299755 0 1.535729495350316 
11822.06674931994 0 10675.43336707861 -4.227527686985516 0 1.527659587597552 
11789.56236337484 0 10687.13562615278 -4.236484342727021 0 1.519556065250418 
11756.98917425677 0 10698.77551562692 -4.245443751347063 0 1.511418767292584 
11724.34716095128 0 10710.35277546201 -4.254405879064952 0 1.503247531651517 
11691.63630270571 0 10721.86714437013 -4.263370691488473 0 1.49504219519082 
11658.85657903396 0 10733.31835980627 -4.272338153605737 0 1.486802593702518 
11626.00796972122 0 10744.70615796005 -4.281308229776922 0 1.478528561899283 
11593.09045482886 0 10756.03027374742 -4.290280883725891 0 1.470219933406596 
11560.10401469934 0 10767.29044080228 -4.29925607853171 0 1.461876540754865 
11527.04862996123 0 10778.486391468 -4.308233776620033 0 1.453498215371475 
11493.92428153418 0 10789.61785678898 -4.317213939754386 0 1.44508478757278 
11460.73095063413 0 10800.68456650204 -4.326196529027315 0 1.436636086556035 
11427.46861877844 0 10811.68624902782 -4.335181504851421 0 1.428151940391275 
11394.13726779117 0 10822.62263146205 -4.34416882695027 0 1.419632176013134 
11360.73687980841 0 10833.49343956685 -4.353158454349177 0 1.411076619212592 
11327.26743728367 0 10844.29839776189 -4.362150345365862 0 1.402485094628682 
11293.72892299334 0 10855.03722911549 -4.371144457600979 0 1.393857425740115 
11260.12132004226 0 10865.70965533572 -4.380140747928513 0 1.385193434856866 
11226.44461186932 0 10876.31539676136 -4.389139172486043 0 1.376492943111683 
11192.69878225316 0 10886.85417235281 -4.39813968666487 0 1.367755770451543 
11158.88381531795 0 10897.325699683 -4.407142245100014 0 1.358981735629042 
11124.99969553922 0 10907.72969492815 -4.416146801660061 0 1.350170656193728 
11091.04640774978 0 10918.06587285849 -4.425153309436886 0 1.341322348483371 
11057.02393714576 0 10928.33394682894 -4.434161720735207 0 1.332436627615168 
11022.93226929267 0 10938.53362876968 -4.44317198706203 0 1.323513307476888 
10988.77139013156 0 10948.66462917669 -4.452184059115911 0 1.314552200717958 
10954.54128598531 0 10958.72665710221 -4.461197886776091 0 1.305553118740477 
10920.24194356492 0 10968.71942014511 -4.470213419091476 0 1.296515871690178 
10885.87334997596 0 10978.64262444119 -4.479230604269453 0 1.287440268447318 
10851.43549272505 0 10988.49597465348 -4.488249389664566 0 1.27832611661751 
10816.92835972649 0 10998.27917396234 -4.497269721767023 0 1.269173222522491 
10782.35193930893 0 11007.99192405562 -4.50629154619104 0 1.259981391190825 
10747.7062202221 0 11017.63392511869 -4.515314807663034 0 1.250750426348537 
10712.99119164376 0 11027.20487582436 -4.524339450009641 0 1.241480130409695 
10678.20684318658 0 11036.70447332281 -4.533365416145565 0 1.232170304466921 
10643.35316490522 0 11046.13241323136 -4.542392648061269 0 1.222820748281832 
10608.43014730351 0 11055.48838962426 -4.551421086810479 0 1.213431260275428 
10573.43778134161 0 11064.77209502232 -4.560450672497522 0 1.204001637518404 
10538.37605844345 0 11073.98322038252 -4.569481344264478 0 1.194531675721412 
10503.24497050411 0 11083.12145508749 -4.57851304027816 0 1.18502116922524 
10468.04450989735 0 11092.18648693503 -4.58754569771691 0 1.175469910990938 
10432.77466948329 0 11101.17800212737 -4.596579252757199 0 1.165877692589882 
10397.43544261618 0 11110.09568526055 -4.605613640560049 0 1.15624430419376 
10362.02682315216 0 11118.93921931359 -4.614648795257264 0 1.146569534564501 
10326.54880545731 0 11127.7082856376 -4.623684649937456 0 1.136853171044141 
10291.00138441567 0 11136.40256394489 -4.632721136631878 0 1.127094999544624 
10255.38455543744 0 11145.0217322979 -4.641758186300075 0 1.117294804537523 
10219.69831446723 0 11153.56546709813 -4.650795728815295 0 1.107452369043721 
10183.94265799252 0 11162.03344307494 -4.659833692949729 0 1.097567474623004 
10148.1175830521 0 11170.42533327428 -4.668872006359527 0 1.087639901363603 
10112.22308724479 0 11178.74080904738 -4.677910595569592 0 1.077669427871664 
10076.25916873807 0 11186.97954003927 -4.68694938595818 0 1.067655831260655 
10040.22582627708 0 11195.14119417735 -4.695988301741267 0 1.057598887140709 
10004.1230591935 0 11203.22543765973 -4.705027265956692 0 1.047498369607903 
9967.950867414716 0 11211.2319349436 -4.714066200448085 0 1.037354051233465 
9931.709251473045 0 11219.16034873349 -4.723105025848558 0 1.027165703052931 
9895.398212515078 0 11227.01033996938 -4.732143661564172 0 1.016933094555216 
9859.017752311194 0 11234.78156781481 -4.741182025757154 0 1.006655993671648 
9822.56787326517 0 11242.4736896449 -4.750220035328891 0 0.9963341667649137 
9786.048578423914 0 11250.08636103422 -4.759257605902674 0 0.9859673786179507 
9749.459871487374 0 11257.61923574462 -4.768294651806192 0 0.9755553924227802 
9712.801756818546 0 11265.07196571298 -4.777331086053784 0 0.9650979697692698 
9676.074239453621 0 11272.44420103886 -4.786366820328433 0 0.9545948706338304 
9639.277325112296 0 11279.73558997205 -4.795401764963497 0 0.9440458533680642 
9602.411020208214 0 11286.94577890006 -4.80443582892419 0 0.933450674687337 
9565.475331859514 0 11294.07441233553 -4.813468919788793 0 0.9228090896592893 
9528.470267899598 0 11301.12113290345 -4.822500943729586 0 0.9121208516922995 
9491.395836887965 0 11308.08558132849 -4.831531805493522 0 0.9013857125238653 
9454.252048121263 0 11314.96739642201 -4.840561408382613 0 0.8906034222089451 
9417.038911644457 0 11321.76621506917 -4.849589654234038 0 0.8797737291082254 
9379.756438262135 0 11328.48167221582 -4.858616443399966 0 0.8688963798763294 
9342.404639550025 0 11335.1134008554 -4.867641674727085 0 0.8579711194499778 
9304.98352786662 0 11341.66103201565 -4.876665245535838 0 0.8469976910360795 
9267.493116364969 0 11348.12419474531 -4.885687051599365 0 0.8359758360997648 
9229.933419004679 0 11354.50251610068 -4.894706987122127 0 0.824905294352374 
9192.304450564006 0 11360.79562113212 -4.903724944718246 0 0.8137858037393707 
9154.606226652182 0 11367.00313287043 -4.912740815389504 0 0.8026171004282184 
9116.838763721882 0 11373.12467231315 -4.921754488503042 0 0.7913989187961892 
9079.00207908184 0 11379.15985841075 -4.93076585176874 0 0.7801309914181186 
9041.096190909695 0 11385.10830805277 -4.939774791216252 0 0.7688130490541193 
9003.121118264982 0 11390.96963605378 -4.948781191171723 0 0.7574448206372298 
8965.076881102283 0 11396.74345513938 -4.95778493423417 0 0.7460260332610127 
8926.96350028461 0 11402.42937593194 -4.966785901251509 0 0.7345564121671138 
8888.780997596945 0 11408.02700693638 -4.975783971296242 0 0.7230356807327604 
8850.529395759946 0 11413.53595452581 -4.984779021640797 0 0.7114635604582112 
8812.208718443904 0 11418.95582292699 -4.993770927732494 0 0.6998397709541728 
8773.818990282829 0 11424.28621420589 -5.002759563168163 0 0.6881640299291494 
8735.360236888775 0 11429.5267282529 -5.011744799668386 0 0.6764360531767691 
8696.832484866361 0 11434.67696276819 -5.020726507051363 0 0.6646555545630531 
8658.235761827451 0 11439.73651324676 -5.029704553206407 0 0.6528222460136418 
8619.570096406109 0 11444.70497296356 -5.038678804067033 0 0.6409358375009947 
8580.835518273709 0 11449.5819329584 -5.047649123583681 0 0.6289960370315373 
8542.032058154262 0 11454.36698202081 -5.056615373696026 0 0.6170025506327711 
8503.159747839991 0 11459.05970667478 -5.06557741430488 0 0.6049550823403613 
8464.218620207075 0 11463.65969116344 -5.074535103243696 0 0.5928533341851704 
8425.208709231658 0 11468.16651743359 -5.083488296249654 0 0.5806970061802782 
8386.130050006062 0 11472.57976512015 -5.09243684693431 0 0.5684857963079597 
8346.982678755199 0 11476.89901153053 -5.101380606753842 0 0.5562194005066322 
8307.766632853278 0 11481.12383162885 -5.110319424978834 0 0.5438975126577893 
8268.481950840693 0 11485.25379802015 -5.119253148663637 0 0.531519824572897 
8229.128672441153 0 11489.28848093435 -5.128181622615273 0 0.5190860259802673 
8189.706838579092 0 11493.2274482103 -5.137104689361883 0 0.5065958045119257 
8150.216491397256 0 11497.07026527956 -5.14602218912072 0 0.4940488456904379 
8110.657674274617 0 11500.81649515016 -5.154933959765665 0 0.4814448329157449 
8071.030431844476 0 11504.46569839027 -5.163839836794265 0 0.468783447451967 
8031.334810012834 0 11508.01743311173 -5.172739653294302 0 0.4560643684141991 
7991.570855977055 0 11511.47125495348 -5.181633239909852 0 0.4432872727553102 
7951.738618244754 0 11514.82671706493 -5.190520424806857 0 0.4304518352527246 
7911.838146652952 0 11518.08337008917 -5.199401033638197 0 0.4175577284951994 
7871.86949238754 0 11521.24076214614 -5.208274889508226 0 0.4046046228696173 
7831.832708002978 0 11524.29843881563 -5.217141812936809 0 0.3915921865477677 
7791.727847442269 0 11527.25594312027 -5.226001621822831 0 0.378520085473135 
7751.554966057269 0 11530.1128155083 -5.234854131407137 0 0.3653879833477119 
7711.314120629202 0 11532.86859383637 -5.243699154234979 0 0.3521955416188021 
7671.005369389551 0 11535.5228133521 -5.252536500117855 0 0.3389424194658631 
7630.628772041182 0 11538.07500667668 -5.261365976094825 0 0.3256282737873543 
7590.184389779778 0 11540.52470378725 -5.270187386393244 0 0.3122527591876073 
7549.672285315615 0 11542.87143199926 -5.279000532388911 0 0.2988155279637396 
7509.092522895604 0 11545.11471594868 -5.287805212565635 0 0.2853162300925852 
7468.445168325644 0 11547.25407757414 -5.296601222474211 0 0.2717545132176606 
7427.730288993348 0 11549.28903609896 -5.305388354690778 0 0.2581300226361875 
7386.947953891008 0 11551.21910801306 -5.314166398774575 0 0.2444424012861355 
7346.098233638968 0 11553.04380705482 -5.322935141225063 0 0.2306912897333381 
7305.181200509273 0 11554.76264419278 -5.33169436543842 0 0.2168763261586459 
7264.196928449667 0 11556.37512760731 -5.340443851663395 0 0.2029971463451393 
7223.145493107956 0 11557.8807626721 -5.349183376956505 0 0.1890533836654176 
7182.026971856697 0 11559.27905193563 -5.357912715136573 0 0.1750446690689441 
7140.84144381822 0 11560.56949510251 -5.366631636738593 0 0.1609706310694639 
7099.588989890064 0 11561.7515890147 -5.375339908966917 0 0.1468308957325164 
7058.269692770723 0 11562.82482763267 -5.38403729564774 0 0.1326250866630183 
7016.88363698576 0 11563.78870201649 -5.3927235571809 0 0.1183528249929375 
6975.430908914348 0 11564.64270030671 -5.401398450490945 0 0.104013729369081 
6933.911596816115 0 11565.38630770531 -5.410061728977498 0 0.08960741594096056 
6892.325790858442 0 11566.01900645642 -5.418713142464863 0 0.07513349834879414 
6850.673583144104 0 11566.54027582701 -5.427352437150915 0 0.06059158771160644 
6808.955067739311 0 11566.94959208751 -5.43597935555521 0 0.04598129261545258 
6767.170340702188 0 11567.24642849225 -5.444593636466336 0 0.03130221910178799 
6725.319500111621 0 11567.43025525995 -5.45319501488849 0 0.01655397065596011 
6683.402646096518 0 11567.50053955397 -5.461783221987267 0 0.001736148195845473 
6641.419880865536 0 11567.4567454626 -5.470357985034626 0 -0.01315164993934309 
6599.371308737159 0 11567.29833397919 -5.478919027353078 0 -0.02810982800011449 
6557.257036170291 0 11567.02476298221 -5.487466068259015 0 -0.04313879283756201 
6515.07717179522 0 11566.63548721525 -5.495998823005218 0 -0.05823895391406592 
6472.831826445048 0 11566.12995826692 -5.504517002722523 0 -0.07341072331380985 
6430.521113187599 0 11565.50762455067 -5.513020314360603 0 -0.08865451575308592 
6388.145147357754 0 11564.76793128452 -5.521508460627893 0 -0.1039707485904111 
6345.704046590236 0 11563.91032047077 -5.529981139930622 0 -0.1193598418364299 
6303.197930852941 0 11562.93423087555 -5.538438046310941 0 -0.1348222181635743 
6260.626922480638 0 11561.83909800835 -5.546878869384152 0 -0.1503583029155177 
6217.991146209268 0 11560.62435410148 -5.555303294274982 0 -0.1659685241163561 
6175.290729210651 0 11559.28942808945 -5.563711001552952 0 -0.1816533124795532 
6132.525801127719 0 11557.83374558826 -5.572101667166766 0 -0.1974131014166181 
6089.69649411029 0 11556.25672887467 -5.580474962377744 0 -0.2132483270454893 
6046.802942851308 0 11554.55779686535 -5.588830553692271 0 -0.2291594281986461 
6003.845284623621 0 11552.73636509603 -5.597168102793259 0 -0.2451468464309176 
5960.823659317314 0 11550.79184570055 -5.605487266470583 0 -0.2612110260269619 
5917.738209477558 0 11548.72364738987 -5.613787696550508 0 -0.2773524140084341 
5874.589080342979 0 11546.53117543101 -5.622069039824076 0 -0.2935714601408158 
5831.376419884659 0 11544.21383162597 -5.63033093797443 0 -0.3098686169398709 
5788.1003788456 0 11541.77101429056 -5.638573027503088 0 -0.3262443396777632 
5744.761110780847 0 11539.20211823322 -5.646794939655112 0 -0.3426990863887631 
5701.358772098138 0 11536.5065347338 -5.6549963003432 0 -0.359233317874577 
5657.893522099138 0 11533.68365152223 -5.663176730070655 0 -0.3758474977092647 
5614.365523021316 0 11530.73285275729 -5.671335843853226 0 -0.3925420922437128 
5570.774940080385 0 11527.6535190052 -5.679473251139801 0 -0.4093175706096804 
5527.121941513346 0 11524.44502721827 -5.687588555731953 0 -0.4261744047233863 
5483.406698622217 0 11521.10675071352 -5.695681355702291 0 -0.4431130692885988 
5439.629385818312 0 11517.63805915122 -5.703751243311642 0 -0.4601340417992582 
5395.790180667217 0 11514.03831851348 -5.711797804924999 0 -0.4772378025415678 
5351.88926393442 0 11510.30689108281 -5.719820620926265 0 -0.4944248345955527 
5307.926819631541 0 11506.44313542061 -5.727819265631747 0 -0.511695623836089 
5263.903035063305 0 11502.44640634574 -5.73579330720239 0 -0.5290506589333354 
5219.818100875149 0 11498.31605491305 -5.743742307554739 0 -0.5464904313525941 
5175.672211101513 0 11494.0514283919 -5.751665822270614 0 -0.5640154353535629 
5131.465563214874 0 11489.65187024469 -5.759563400505466 0 -0.5816261679889349 
5087.198358175448 0 11485.11672010546 -5.767434584895409 0 -0.5993231291023647 
5042.870800481603 0 11480.44531375842 -5.77527891146292 0 -0.6171068213257579 
4998.483098221066 0 11475.63698311657 -5.783095909521161 0 -0.6349777500758401 
4954.03546312278 0 11470.69105620031 -5.79088510157693 0 -0.6529364235500349 
4909.528110609596 0 11465.60685711611 -5.798646003232219 0 -0.6709833527215626 
4864.961259851672 0 11460.38370603523 -5.806378123084348 0 -0.6891190513337873 
4820.335133820648 0 11455.02091917243 -5.814080962624677 0 -0.7073440358937664 
4775.649959344646 0 11449.51780876481 -5.82175401613586 0 -0.7256588256649552 
4730.905967164023 0 11443.87368305063 -5.829396770587629 0 -0.7440639426590799 
4686.103391987926 0 11438.08784624827 -5.837008705531099 0 -0.7625599116271294 
4641.242472551718 0 11432.15959853519 -5.844589292991557 0 -0.7811472600494206 
4596.323451675178 0 11426.08823602708 -5.852137997359734 0 -0.799826518124743 
4551.346576321544 0 11419.87305075693 -5.859654275281538 0 -0.8185982187585378 
4506.312097657466 0 11413.51333065436 -5.867137575546208 0 -0.8374628975500518 
4461.220271113747 0 11407.00835952496 -5.874587338972912 0 -0.8564210927784967 
4416.071356447025 0 11400.35741702975 -5.882002998295727 0 -0.8754733453881074 
4370.865617802313 0 11393.55977866481 -5.889383978047013 0 -0.8946201989721272 
4325.603323776421 0 11386.61471574095 -5.896729694439145 0 -0.9138621997556581 
4280.284747482358 0 11379.52149536358 -5.904039555244593 0 -0.9331998965773247 
4234.910166614602 0 11372.27938041277 -5.911312959674325 0 -0.9526338408697517 
4189.479863515311 0 11364.88762952329 -5.918549298254524 0 -0.9721645866388008 
4143.99412524155 0 11357.34549706505 -5.925747952701582 0 -0.9917926904415031 
4098.453243633395 0 11349.65223312351 -5.932908295795378 0 -1.011518711362706 
4052.857515383098 0 11341.80708348039 -5.940029691250797 0 -1.031343210990326 
4007.207242105199 0 11333.80928959456 -5.947111493587481 0 -1.051266753389218 
3961.502730407641 0 11325.65808858308 -5.954153047997803 0 -1.071289905073608 
3915.744291963949 0 11317.35271320254 -5.961153690213027 0 -1.091413234978006 
3869.932243586408 0 11308.89239183055 -5.968112746367646 0 -1.111637314426613 
3824.066907300275 0 11300.27634844756 -5.975029532861891 0 -1.131962717101147 
3778.148610419124 0 11291.50380261881 -5.981903356222352 0 -1.152390019007015 
3732.177685621171 0 11282.57396947668 -5.98873351296076 0 -1.172919798437846 
3686.154471026789 0 11273.48605970322 -5.995519289430838 0 -1.193552635938269 
3640.079310277059 0 11264.23927951305 -6.002259961683262 0 -1.214289114264925 
3593.952552613457 0 11254.83283063645 -6.008954795318682 0 -1.235129818345662 
3547.774552958719 0 11245.26591030295 -6.015603045338795 0 -1.25607533523682 
3501.545671998805 0 11235.53771122506 -6.022203955995453 0 -1.277126254078599 
3455.266276266038 0 11225.64742158248 -6.028756760637803 0 -1.298283166048431 
3408.93673822347 0 11215.59422500667 -6.035260681557405 0 -1.319546664312286 
3362.557436350389 0 11205.3773005657 -6.041714929831359 0 -1.340917343973875 
3316.128755229056 0 11194.99582274964 -6.04811870516339 0 -1.362395802021689 
3269.651085632708 0 11184.44896145624 -6.054471195722894 0 -1.383982637273774 
3223.124824614727 0 11173.73588197713 -6.060771577981924 0 -1.405678450320246 
3176.550375599164 0 11162.85574498443 -6.0670190165501 0 -1.4274838434634 
3129.92814847246 0 11151.80770651781 -6.073212664007436 0 -1.44939942065541 
3083.258559676485 0 11140.59091797213 -6.079351660735062 0 -1.471425787433534 
3036.542032302918 0 11129.20452608545 -6.08543513474384 0 -1.493563550852719 
2989.778996188905 0 11117.64767292768 -6.091462201500844 0 -1.515813319415581 
2942.969888014062 0 11105.91949588973 -6.097431963753714 0 -1.538175702999674 
2896.115151398888 0 11094.01912767326 -6.10334351135285 0 -1.560651312781931 
2849.215237004467 0 11081.94569628094 -6.10919592107147 0 -1.583240761160275 
2802.270602633649 0 11069.69832500746 -6.114988256423473 0 -1.605944661672236 
2755.281713333575 0 11057.27613243104 -6.120719567479145 0 -1.62876362891056 
2708.249041499635 0 11044.67823240567 -6.126388890678683 0 -1.651698278435703 
2661.173066980908 0 11031.90373405405 -6.13199524864352 0 -1.674749226685091 
2614.054277187016 0 11018.9517417612 -6.137537649985457 0 -1.69791709087912 
2566.893167196447 0 11005.82135516879 -6.143015089113605 0 -1.721202488923772 
2519.690239866427 0 10992.51166917031 -6.148426546039109 0 -1.744606039309731 
2472.44600594424 0 10979.02177390695 -6.153770986177676 0 -1.768128361007959 
2425.160984180083 0 10965.3507547643 -6.159047360149897 0 -1.791770073361611 
2377.835701441509 0 10951.49769236997 -6.164254603579352 0 -1.815531795974156 
2330.470692829358 0 10937.461662592 -6.169391636888521 0 -1.839414148593683 
2283.066501795335 0 10923.24173653821 -6.174457365092489 0 -1.863417750993193 
2235.623680261134 0 10908.83698055649 -6.179450677590447 0 -1.887543222846854 
2188.142788739167 0 10894.24645623603 -6.184370447955009 0 -1.911791183602074 
2140.62439645497 0 10879.46922040959 -6.189215533719338 0 -1.936162252347266 
2093.069081471207 0 10864.50432515676 -6.193984776162103 0 -1.960657047675228 
2045.477430813328 0 10849.35081780833 -6.198677000090264 0 -1.985276187542012 
1997.850040596962 0 10834.0077409517 -6.203291013619711 0 -2.010020289121133 
1950.18751615692 0 10818.47413243749 -6.207825607953763 0 -2.03488996865306 
1902.490472177991 0 10802.74902538731 -6.212279557159552 0 -2.059885841289794 
1854.759532827404 0 10786.83144820271 -6.2166516179423 0 -2.085008520934465 
1806.995331889038 0 10770.7204245754 -6.220940529417524 0 -2.110258620075802 
1759.198512899437 0 10754.41497349882 -6.22514501288118 0 -2.135636749617317 
1711.369729285543 0 10737.9141092809 -6.229263771577783 0 -2.161143518701114 
1663.509644504228 0 10721.21684155836 -6.233295490466523 0 -2.186779534526172 
1615.618932183676 0 10704.32217531231 -6.237238835985414 0 -2.212545402160923 
1567.698276266505 0 10687.22911088538 -6.241092455813516 0 -2.238441724350064 
1519.748371154808 0 10669.93664400028 -6.244854978631244 0 -2.264469101315362 
1471.769921856979 0 10652.44376578004 -6.248525013878837 0 -2.290628130550389 
1423.763644136412 0 10634.74946276968 -6.25210115151301 0 -2.316919406608991 
1375.730264662115 0 10616.85271695971 -6.255581961761837 0 -2.34334352088733 
1327.67052116117 0 10598.75250581116 -6.258965994877921 0 -2.369901061399372 
1279.585162573094 0 10580.44780228252 -6.26225178088991 0 -2.39659261254566 
1231.474949206162 0 10561.93757485833 -6.265437829352395 0 -2.42341875487516 
1183.340652895613 0 10543.22078757975 -6.268522629094287 0 -2.450380064840084 
1135.183057163783 0 10524.29640007698 -6.271504647965703 0 -2.477477114543487 
1087.00295738226 0 10505.16336760364 -6.274382332583453 0 -2.504710471479426 
1038.801160935899 0 10485.82064107319 -6.277154108075207 0 -2.532080698265612 
990.5784873888969 0 10466.26716709749 -6.27981837782239 0 -2.559588352368247 
942.335768652797 0 10446.50188802735 -6.282373523201934 0 -2.58723398581897 
894.07384915647 0 10426.52374199549 -6.284817903326938 0 -2.615018144923686 
845.7935860181489 0 10406.33166296158 -6.28714985478635 0 -2.642941369963058 
797.4958492194135 0 10385.92458075973 -6.289367691383766 0 -2.671004194884544 
749.1815217811844 0 10365.30142114836 -6.291469703875452 0 -2.699207146985733 
700.8514999417888 0 10344.46110586249 -6.293454159707699 0 -2.727550746588779 
652.5066933369598 0 10323.40255266858 -6.295319302753623 0 -2.756035506705788 
604.1480251819449 0 10302.12467542205 -6.297063353049548 0 -2.784661932694881 
555.776432455584 0 10280.62638412736 -6.298684506531087 0 -2.813430521906793 
507.3928660864134 0 10258.90658500093 -6.300180934769061 0 -2.84234176332177 
458.9982911408518 0 10236.96418053685 -6.301550784705408 0 -2.871396137176533 
410.5936870133615 0 10214.79806957551 -6.302792178389218 0 -2.90059411458114 
362.1800476186359 0 10192.40714737517 -6.303903212713068 0 -2.929936157125514 
313.7583815858628 0 10169.79030568666 -6.304881959149808 0 -2.959422716475374 
265.3297124549551 0 10146.94643283118 -6.305726463489982 0 -2.989054233957417 
216.895078874795 0 10123.87441378134 -6.306434745580066 0 -3.018831140133492 
168.4555348035427 0 10100.57313024548 -6.307004799061693 0 -3.04875385436351 
120.0121497108571 0 10077.04146075549 -6.307434591112114 0 -3.078822784356935 
71.5660087821912 0 10053.27828075799 -6.307722062186029 0 -3.109038325712537 
23.1182131250062 0 10029.28246270918 -6.307865125759085 0 -3.139400861446249 
-25.33012002305055 0 10005.05287617333 -6.307861668073212 0 -3.169910761506862 
-73.7778570839683 0 9980.588387925045 -6.307709547884045 0 -3.200568382279286 
-122.2238479273162 0 9955.887862055401 -6.307406596210718 0 -3.231374066075208 
-170.6669256562743 0 9930.950160082011 -6.306950616088224 0 -3.262328140610869 
-219.1059063917168 0 9905.774141063201 -6.306339382322678 0 -3.293430918471689 
-267.5395890545122 0 9880.358661716291 -6.305570641249701 0 -3.324682696563579 
-315.9667551458963 0 9854.70257654021 -6.304642110496272 0 -3.356083755550592 
-364.3861685260864 0 9828.804737942424 -6.303551478746318 0 -3.38763435927877 
-412.7965751911051 0 9802.663996370362 -6.302296405510369 0 -3.41933475418588 
-461.196703047829 0 9776.279200447449 -6.300874520899611 0 -3.451185168696808 
-509.5852616873138 0 9749.649197113828 -6.299283425404678 0 -3.483185812604359 
-557.9609421564973 0 9722.772831771867 -6.297520689679533 0 -3.515336876435275 
-606.3224167281824 0 9695.648948436643 -6.295583854330821 0 -3.547638530801118 
-654.6683386694831 0 9668.276389891438 -6.293470429713069 0 -3.580090925733896 
-702.9973420087193 0 9640.653997848383 -6.291177895730129 0 -3.61269419000612 
-751.3080413007566 0 9612.780613114439 -6.288703701643289 0 -3.645448430435044 
-799.5990313909832 0 9584.655075762717 -6.286045265886474 0 -3.678353731170929 
-847.8688871778121 0 9556.276225309392 -6.283199975888984 0 -3.711410152968984 
-896.1161633739079 0 9527.642900896213 -6.280165187906226 0 -3.744617732444865 
-944.3393942661463 0 9498.753941478832 -6.276938226858929 0 -3.777976481313439 
-992.5370934743223 0 9469.608186021038 -6.273516386181326 0 -3.811486385610585 
-1040.707753708778 0 9440.204473695034 -6.269896927678816 0 -3.845147404897855 
-1088.849846526976 0 9410.541644087863 -6.266077081395643 0 -3.87895947144977 
-1136.961822089043 0 9380.618537414206 -6.262054045493139 0 -3.91292248942349 
-1185.042108912497 0 9350.433994735538 -6.257824986139083 0 -3.947036334010756 
-1233.089113626095 0 9319.986858185959 -6.253387037408783 0 -3.981300850571796 
-1281.10122072302 0 9289.275971204679 -6.248737301198473 0 -4.015715853751106 
-1329.076792313447 0 9258.30017877538 -6.243872847151648 0 -4.050281126574881 
-1377.014167876552 0 9227.058327672616 -6.238790712598983 0 -4.084996419529904 
-1424.911664012162 0 9195.54926671531 -6.233487902512514 0 -4.119861449623786 
-1472.767574192108 0 9163.771847027567 -6.227961389474731 0 -4.154875899426387 
-1520.58016851135 0 9131.724922306932 -6.222208113663342 0 -4.190039416092244 
-1568.347693439102 0 9099.407349100207 -6.216224982852375 0 -4.225351610363938 
-1616.068371570025 0 9066.817987086995 -6.210008872430418 0 -4.26081205555627 
-1663.740401375574 0 9033.955699371158 -6.203556625436739 0 -4.296420286521093 
-1711.361956955785 0 9000.819352780238 -6.196865052616085 0 -4.332175798592828 
-1758.931187791455 0 8967.407818173126 -6.18993093249298 0 -4.368078046514472 
-1806.446218497052 0 8933.719970755987 -6.182751011466359 0 -4.404126443344143 
-1853.905148574407 0 8899.754690406691 -6.175322003925385 0 -4.440320359342112 
-1901.306052167347 0 8865.510862007877 -6.167640592387357 0 -4.476659120838236 
-1948.646977817517 0 8830.987375788767 -6.159703427658593 0 -4.513142009079921 
-1995.925948221534 0 8796.183127675908 -6.151507129019227 0 -4.549768259060574 
-2043.140959989593 0 8761.097019653011 -6.143048284432879 0 -4.586537058328569 
-2090.28998340587 0 8725.727960129963 -6.134323450782155 0 -4.623447545776915 
-2137.370962190755 0 8690.074864321276 -6.125329154131002 0 -4.6604988104136 
-2184.381813265254 0 8654.136654634 -6.116061890014913 0 -4.697689890112844 
-2231.32042651774 0 8617.912261065305 -6.10651812376005 0 -4.7350197703474 
-2278.18466457321 0 8581.400621609904 -6.096694290832339 0 -4.772487382902025 
-2324.972362565402 0 8544.600682677414 -6.086586797217641 0 -4.810091604568456 
-2371.681327911945 0 8507.511399519775 -6.076192019834084 0 -4.847831255822086 
-2418.309340092757 0 8470.131736668975 -6.065506306977738 0 -4.885705099480604 
-2464.854150432053 0 8432.460668385072 -6.054525978802744 0 -4.923711839344999 
-2511.313481884168 0 8394.497179114762 -6.043247327837091 0 -4.961850118823272 
-2557.68502882343 0 8356.24026396059 -6.031666619535263 0 -5.000118519537213 
-2603.966456838514 0 8317.688929160873 -6.019780092868929 0 -5.038515559912788 
-2650.155402531382 0 8278.842192580589 -6.007583960956958 0 -5.077039693754533 
-2696.249473321293 0 8239.699084213209 -5.995074411735982 0 -5.115689308804578 
-2742.246247254107 0 8200.258646693666 -5.9822476086728 0 -5.154462725286862 
-2788.143272817187 0 8160.519935822612 -5.969099691519911 0 -5.193358194437127 
-2833.938068760312 0 8120.482021101941 -5.955626777115471 0 -5.232373897019472 
-2879.628123922924 0 8080.143986281802 -5.941824960229005 0 -5.271507941830175 
-2925.210897067978 0 8039.504929919154 -5.927690314454207 0 -5.310758364189523 
-2970.683816722933 0 7998.563965947911 -5.913218893150161 0 -5.350123124422636 
-3016.044281028069 0 7957.32022426084 -5.898406730432353 0 -5.389600106330075 
-3061.289657592671 0 7915.772851303213 -5.883249842214835 0 -5.429187115649309 
-3106.417283359417 0 7873.921010678289 -5.867744227304883 0 -5.468881878508062 
-3151.424464477331 0 7831.763883764773 -5.85188586855157 0 -5.508682039870596 
-3196.308476183819 0 7789.300670346153 -5.8356707340496 0 -5.548585161978216 
-3241.066562696162 0 7746.530589252071 -5.819094778399771 0 -5.588588722785179 
-3285.695937112868 0 7703.452879011735 -5.802153944027482 0 -5.628690114391322 
-3330.193781325452 0 7660.066798519326 -5.7848441625606 0 -5.668886641472887 
-3374.55724594095 0 7616.371627711532 -5.767161356268111 0 -5.709175519712921 
-3418.78345021578 0 7572.36666825707 -5.749101439560848 0 -5.749553874232888 
-3462.869482001365 0 7528.051244258261 -5.730660320555669 0 -5.790018738027119 
-3506.812397701974 0 7483.424702964648 -5.711833902704422 0 -5.830567050401747 
-3550.609222245378 0 7438.486415498536 -5.692618086488947 0 -5.871195655420046 
-3594.256949066774 0 7393.235777592452 -5.673008771183444 0 -5.911901300356008 
-3637.752540106468 0 7347.672210338475 -5.653001856685455 0 -5.952680634158097 
-3681.092925821932 0 7301.795160949288 -5.632593245416636 0 -5.993530205925349 
-3724.275005214733 0 7255.60410353087 -5.611778844294562 0 -6.034446463397933 
-3767.295645872832 0 7209.098539866773 -5.590554566776684 0 -6.075425751464371 
-3810.151684028938 0 7162.278000213721 -5.568916334977517 0 -6.116464310687906 
-3852.839924635329 0 7115.142044108515 -5.546860081860179 0 -6.157558275854309 
-3895.357141455855 0 7067.690261185957 -5.524381753503192 0 -6.198703674543792 
-3937.700077175629 0 7019.922272007635 -5.501477311443553 0 -6.239896425729613 
-3979.865443528978 0 6971.837728901413 -5.478142735096933 0 -6.281132338406085 
-4021.849921446315 0 6923.436316811288 -5.454374024255785 0 -6.322407110248881 
-4063.650161220511 0 6874.717754157394 -5.430167201666109 0 -6.363716326310569 
-4105.262782693301 0 6825.681793705955 -5.405518315683552 0 -6.405055457754319 
-4146.684375462482 0 6776.328223448703 -5.380423443009326 0 -6.446419860629066 
-4187.911499110347 0 6726.656867491632 -5.354878691506497 0 -6.487804774689206 
-4228.940683454123 0 6676.667586952568 -5.328880203096959 0 -6.529205322262254 
-4269.768428818958 0 6626.360280867256 -5.302424156739344 0 -6.570616507167871 
-4310.391206334052 0 6575.734887103577 -5.275506771488076 0 -6.612033213691707 
-4350.805458252642 0 6524.791383283383 -5.248124309633516 0 -6.653450205617758 
-4391.007598296408 0 6473.529787711523 -5.220273079923131 0 -6.694862125322915 
-4430.994012024898 0 6421.950160311624 -5.191949440863481 0 -6.736263492937423 
-4470.761057230657 0 6370.05260356801 -5.163149804102575 0 -6.777648705575219 
-4510.305064360646 0 6317.83726347324 -5.133870637892107 0 -6.81901203663806 
-4549.62233696451 0 6265.304330480758 -5.104108470628909 0 -6.860347635197435 
-4588.709152170418 0 6212.454040461896 -5.073859894474694 0 -6.901649525458456 
-4627.561761188931 0 6159.286675666747 -5.043121569053161 0 -6.942911606309791 
-4666.176389845608 0 6105.802565688096 -5.011890225223178 0 -6.984127650963972 
-4704.549239142881 0 6052.002088427747 -4.980162668926682 0 -7.02529130669234 
-4742.676485851717 0 5997.885671064575 -4.947935785109758 0 -7.066396094658919 
-4780.554283133729 0 5943.453791023387 -4.915206541715031 0 -7.107435409857705 
-4818.178761194196 0 5888.706976943873 -4.881971993743413 0 -7.148402521157747 
-4855.546027966519 0 5833.645809648831 -4.848229287383051 0 -7.189290571460435 
-4892.652169828683 0 5778.270923110647 -4.81397566420291 0 -7.2300925779736 
-4929.49325235212 0 5722.583005415309 -4.779208465408493 0 -7.270801432606752 
-4966.065321083523 0 5666.582799722833 -4.743925136156649 0 -7.311409902492097 
-5002.364402360021 0 5610.27110522319 -4.708123229926416 0 -7.351910630635748 
-5038.386504158086 0 5553.648778086787 -4.671800412942513 0 -7.392296136703564 
-5074.127616976648 0 5496.716732408308 -4.634954468647781 0 -7.432558817946139 
-5109.583714754735 0 5439.475941142909 -4.597583302220706 0 -7.472690950267291 
-5144.750755823931 0 5381.927437033707 -4.559684945133901 0 -7.512684689440338 
-5179.624683896048 0 5324.072313529248 -4.521257559749018 0 -7.552532072476562 
-5214.201429086149 0 5265.911725689962 -4.482299443943508 0 -7.592225019149899 
-5248.47690897127 0 5207.446891082229 -4.442809035764149 0 -7.631755333682072 
-5282.447029684951 0 5148.679090658877 -4.402784918102149 0 -7.671114706592093 
-5316.107687047717 0 5089.609669624888 -4.362225823384318 0 -7.710294716713966 
-5349.454767733664 0 5030.240038286888 -4.321130638274444 0 -7.749286833386372 
-5382.484150473174 0 4970.571672885149 -4.279498408378822 0 -7.788082418817853 
-5415.191707291731 0 4910.606116406798 -4.237328342949619 0 -7.826672730630837 
-5447.573304784875 0 4850.344979378732 -4.19461981957938 0 -7.865048924587773 
-5479.624805429145 0 4789.789940638885 -4.151372388879786 0 -7.903202057502307 
-5511.342068928842 0 4728.942748084482 -4.107585779137566 0 -7.941123090338206 
-5542.720953598501 0 4667.805219395657 -4.063259900940007 0 -7.978802891498648 
-5573.757317780685 0 4606.379242733184 -4.018394851762508 0 -8.01623224030797 
-5604.447021298887 0 4544.666777408633 -3.972990920510139 0 -8.05340183068796 
-5634.785926945104 0 4482.669854525556 -3.927048592005055 0 -8.090302275030288 
-5664.769902001618 0 4420.390577590221 -3.880568551411435 0 -8.126924108266369 
-5694.394819796522 0 4357.831123090276 -3.833551688589198 0 -8.163257792135754 
-5723.65656129238 0 4294.993741039854 -3.785999102367731 0 -8.199293719653612 
-5752.551016707365 0 4231.880755489646 -3.737912104730618 0 -8.235022219777605 
-5781.074087168166 0 4168.494565000358 -3.689292224902148 0 -8.270433562273983 
-5809.221686393897 0 4104.837643077968 -3.640141213326173 0 -8.305517962782462 
-5836.989742410084 0 4040.912538569421 -3.590461045527952 0 -8.340265588078799 
-5864.374199291883 0 3976.721876017039 -3.540253925849156 0 -8.374666561533781 
-5891.37101893542 0 3912.268355970358 -3.489522291046492 0 -8.408710968766671 
-5917.976182856232 0 3847.55475525374 -3.438268813743957 0 -8.442388863490846 
-5944.185694013659 0 3782.583927188346 -3.386496405728908 0 -8.475690273548793 
-5969.995578659863 0 3717.358801767115 -3.334208221082083 0 -8.508605207133112 
-5995.401888212261 0 3651.882385781189 -3.281407659131534 0 -8.541123659189774 
-6020.40070114794 0 3586.15776289647 -3.22809836722061 0 -8.57323561799924 
-6044.988124918544 0 3520.188093679042 -3.174284243280191 0 -8.604931071930556 
-6069.160297884191 0 3453.976615567952 -3.119969438195226 0 -8.6362000163631 
-6092.913391264697 0 3387.526642794319 -3.065158357956065 0 -8.667032460769919 
-6116.243611106491 0 3320.841566245362 -3.009855665584885 0 -8.697418435956267 
-6139.147200263438 0 3253.924853272259 -2.954066282827874 0 -8.727348001446257 
-6161.620440389705 0 3186.780047440794 -2.897795391604059 0 -8.756811253010005 
-6183.659653942808 0 3119.410768223612 -2.841048435201692 0 -8.785798330323209 
-6205.261206194868 0 3051.820710633157 -2.783831119213575 0 -8.814299424750439 
-6226.421507249975 0 2984.01364479446 -2.726149412202995 0 -8.842304787242897 
-6247.137014065646 0 2915.993415456783 -2.668009546092095 0 -8.869804736340949 
-6267.404232476173 0 2847.763941443433 -2.609418016265058 0 -8.896789666271175 
-6287.219719215613 0 2779.329215039135 -2.550381581378904 0 -8.923250055127056 
-6306.580083938222 0 2710.693301314164 -2.490907262874876 0 -8.949176473122204 
-6325.481991233933 0 2641.860337384976 -2.431002344184263 0 -8.974559590904221 
-6343.922162636554 0 2572.834531610692 -2.370674369622628 0 -8.999390187917097 
-6361.897378622275 0 2503.620162725233 -2.309931142967171 0 -9.023659160799493 
-6379.404480595977 0 2434.221578904895 -2.248780725712562 0 -9.047357531805819 
-6396.440372862935 0 2364.643196771161 -2.187231435000946 0 -9.070476457236721 
-6413.002024583348 0 2294.889500328743 -2.125291841222655 0 -9.093007235865194 
-6429.086471707144 0 2224.965039839068 -2.06297076528487 0 -9.114941317344163 
-6444.69081888657 0 2154.874430629168 -2.000277275545821 0 -9.136270310581178 
-6459.812241363896 0 2084.622351836557 -1.937220684413321 0 -9.156985992065527 
-6474.447986831735 0 2014.21354509029 -1.873810544606682 0 -9.177080314132906 
-6488.595377263356 0 1943.652813128836 -1.810056645082107 0 -9.196545413152581 
-6502.251810710388 0 1872.945018355486 -1.745969006622421 0 -9.215373617621815 
-6515.414763065398 0 1802.095081331928 -1.681557877092563 0 -9.233557456152298 
-6528.081789786733 0 1731.107979210935 -1.616833726363279 0 -9.2510896653332 
-6540.250527583107 0 1659.988744109277 -1.551807240906288 0 -9.267963197455479 
-6551.918696055441 0 1588.742461421755 -1.486489318064707 0 -9.284171228082153 
-6563.084099293447 0 1517.374268077858 -1.420891060003807 0 -9.299707163449241 
-6573.744627424555 0 1445.889350742195 -1.355023767347544 0 -9.314564647682321 
-6583.898258112768 0 1374.292943960248 -1.288898932507404 0 -9.328737569813754 
-6593.543058005132 0 1302.590328251124 -1.222528232710945 0 -9.342220070585848 
-6602.677184123508 0 1230.786828148845 -1.15592352273796 0 -9.355006549025619 
-6611.298885199501 0 1158.887810194059 -1.089096827373259 0 -9.367091668776991 
-6619.406502950316 0 1086.898680878168 -1.022060333585803 0 -9.378470364176753 
-6626.998473293567 0 1014.824884541746 -0.9548263824445019 0 -9.389137846060997 
-6634.073327498995 0 942.6719012294272 -0.887407460781949 0 -9.399089607289191 
-6640.629693275235 0 870.4452445035822 -0.8198161926180751 0 -9.408321427973624 
-6646.666295789833 0 798.1504592188639 -0.7520653303561439 0 -9.416829380402445 
-6652.181958620809 0 725.7931192602872 -0.6841677457645955 0 -9.424609833645215 
-6657.175604638173 0 653.3788252471001 -0.6161364207584433 0 -9.431659457830431 
-6661.646256813918 0 580.9132022050929 -0.5479844379948013 0 -9.437975228085255 
-6665.593038959112 0 508.4018972100523 -0.4797249712976641 0 -9.443554428128373 
-6669.015176386843 0 435.8505770048993 -0.4113712759273608 0 -9.448394653507611 
-6671.91199649988 0 363.2649255933525 -0.3429366787107854 0 -9.452493814474847 
-6674.282929302047 0 290.6506418130077 -0.2744345680489414 0 -9.455850138491416 
-6676.127507832431 0 218.0134368904857 -0.2058783838184267 0 -9.458462172358196 
-6677.445368521671 0 145.3590319818052 -0.1372816071842541 0 -9.460328783965329 
-6678.236251469732 0 72.6931557007059 -0.06865775034123131 0 -9.461449163657447 
