20035.5 -7.39945e-11 26.9448 -0.00848319 -1.92679e-11 3.15394 
20035.4 -1.94303e-10 51.1689 -0.0161098 -5.05958e-11 3.15392 
20035.2 -3.14598e-10 75.3928 -0.0237365 -8.19201e-11 3.1539 
20035 -4.34879e-10 99.6165 -0.0313632 -1.13241e-10 3.15386 
20034.7 -5.55146e-10 123.84 -0.03899 -1.44558e-10 3.15382 
20034.4 -6.754e-10 148.063 -0.0466168 -1.75871e-10 3.15377 
20034 -7.95641e-10 172.286 -0.0542436 -2.07182e-10 3.15371 
20033.6 -9.15869e-10 196.508 -0.0618706 -2.38489e-10 3.15364 
20033.1 -1.03608e-09 220.729 -0.0694976 -2.69792e-10 3.15356 
20032.5 -1.15629e-09 244.95 -0.0771248 -3.01093e-10 3.15347 
20031.9 -1.27648e-09 269.17 -0.084752 -3.32391e-10 3.15337 
20031.2 -1.39666e-09 293.39 -0.0923794 -3.63685e-10 3.15327 
20030.5 -1.51683e-09 317.608 -0.100007 -3.94977e-10 3.15315 
20029.7 -1.63699e-09 341.826 -0.107635 -4.26266e-10 3.15302 
20028.8 -1.75714e-09 366.043 -0.115262 -4.57553e-10 3.15289 
20027.9 -1.87728e-09 390.258 -0.12289 -4.88836e-10 3.15274 
20026.9 -1.99741e-09 414.473 -0.130519 -5.20118e-10 3.15259 
20025.9 -2.11753e-09 438.686 -0.138147 -5.51397e-10 3.15243 
20024.8 -2.23764e-09 462.898 -0.145776 -5.82673e-10 3.15226 
20023.7 -2.35775e-09 487.108 -0.153404 -6.13948e-10 3.15208 
20022.4 -2.47784e-09 511.317 -0.161033 -6.4522e-10 3.15189 
20021.2 -2.59793e-09 535.525 -0.168663 -6.7649e-10 3.15169 
20019.9 -2.71801e-09 559.731 -0.176292 -7.07759e-10 3.15148 
20018.5 -2.83808e-09 583.936 -0.183922 -7.39025e-10 3.15126 
20017 -2.95815e-09 608.138 -0.191552 -7.7029e-10 3.15103 
20015.5 -3.07821e-09 632.339 -0.199182 -8.01553e-10 3.1508 
20014 -3.19826e-09 656.538 -0.206813 -8.32814e-10 3.15055 
20012.4 -3.31831e-09 680.736 -0.214443 -8.64074e-10 3.1503 
20010.7 -3.43835e-09 704.931 -0.222075 -8.95332e-10 3.15003 
20008.9 -3.55838e-09 729.124 -0.229706 -9.26589e-10 3.14976 
20007.1 -3.67842e-09 753.315 -0.237338 -9.57845e-10 3.14948 
20005.3 -3.79844e-09 777.504 -0.24497 -9.89099e-10 3.14918 
20003.4 -3.91847e-09 801.69 -0.252603 -1.02035e-09 3.14888 
20001.4 -4.03849e-09 825.874 -0.260236 -1.05161e-09 3.14857 
19999.4 -4.1585e-09 850.056 -0.267869 -1.08286e-09 3.14825 
19997.3 -4.27851e-09 874.235 -0.275503 -1.11411e-09 3.14792 
19995.2 -4.39852e-09 898.412 -0.283137 -1.14536e-09 3.14758 
19992.9 -4.51853e-09 922.586 -0.290771 -1.17661e-09 3.14724 
19990.7 -4.63853e-09 946.757 -0.298406 -1.20786e-09 3.14688 
19988.4 -4.75854e-09 970.926 -0.306042 -1.2391e-09 3.14651 
19986 -4.87854e-09 995.091 -0.313678 -1.27035e-09 3.14614 
19983.5 -4.99854e-09 1019.25 -0.321314 -1.3016e-09 3.14575 
19981 -5.11854e-09 1043.41 -0.328951 -1.33285e-09 3.14536 
19978.5 -5.23854e-09 1067.57 -0.336588 -1.36409e-09 3.14496 
19975.9 -5.35854e-09 1091.72 -0.344226 -1.39534e-09 3.14454 
19973.2 -5.47854e-09 1115.87 -0.351864 -1.42659e-09 3.14412 
19970.5 -5.59853e-09 1140.02 -0.359503 -1.45784e-09 3.14369 
19967.7 -5.71854e-09 1164.17 -0.367142 -1.48908e-09 3.14325 
19964.8 -5.83854e-09 1188.31 -0.374782 -1.52033e-09 3.1428 
19961.9 -5.95854e-09 1212.44 -0.382422 -1.55158e-09 3.14234 
19959 -6.07854e-09 1236.58 -0.390063 -1.58283e-09 3.14187 
19955.9 -6.19855e-09 1260.71 -0.397704 -1.61408e-09 3.14139 
19952.9 -6.31856e-09 1284.83 -0.405346 -1.64533e-09 3.1409 
19949.7 -6.43857e-09 1308.95 -0.412989 -1.67658e-09 3.14041 
19946.5 -6.55859e-09 1333.07 -0.420632 -1.70783e-09 3.1399 
19943.2 -6.67861e-09 1357.19 -0.428276 -1.73908e-09 3.13939 
19939.9 -6.79863e-09 1381.3 -0.435921 -1.77034e-09 3.13886 
19936.6 -6.91866e-09 1405.4 -0.443566 -1.80159e-09 3.13833 
19933.1 -7.03869e-09 1429.51 -0.451212 -1.83285e-09 3.13778 
19929.6 -7.15873e-09 1453.6 -0.458858 -1.8641e-09 3.13723 
19926.1 -7.27877e-09 1477.7 -0.466505 -1.89536e-09 3.13667 
19922.5 -7.39882e-09 1501.79 -0.474153 -1.92662e-09 3.1361 
19918.8 -7.51887e-09 1525.87 -0.481802 -1.95788e-09 3.13551 
19915.1 -7.63893e-09 1549.95 -0.489451 -1.98915e-09 3.13492 
19911.3 -7.75899e-09 1574.03 -0.497101 -2.02041e-09 3.13432 
19907.4 -7.87907e-09 1598.1 -0.504751 -2.05168e-09 3.13371 
19903.5 -7.99915e-09 1622.17 -0.512403 -2.08295e-09 3.1331 
19899.5 -8.11923e-09 1646.23 -0.520055 -2.11422e-09 3.13247 
19895.5 -8.23933e-09 1670.28 -0.527708 -2.14549e-09 3.13183 
19891.4 -8.35943e-09 1694.34 -0.535361 -2.17676e-09 3.13118 
19887.3 -8.47955e-09 1718.38 -0.543016 -2.20804e-09 3.13053 
19883.1 -8.59967e-09 1742.42 -0.550671 -2.23932e-09 3.12986 
19878.8 -8.7198e-09 1766.46 -0.558327 -2.2706e-09 3.12918 
19874.5 -8.83994e-09 1790.49 -0.565984 -2.30188e-09 3.1285 
19870.1 -8.96009e-09 1814.52 -0.573642 -2.33317e-09 3.1278 
19865.7 -9.08025e-09 1838.54 -0.5813 -2.36446e-09 3.1271 
19861.2 -9.20042e-09 1862.55 -0.588959 -2.39575e-09 3.12639 
19856.7 -9.3206e-09 1886.56 -0.59662 -2.42705e-09 3.12566 
19852.1 -9.44079e-09 1910.57 -0.604281 -2.45834e-09 3.12493 
19847.4 -9.56099e-09 1934.57 -0.611943 -2.48964e-09 3.12419 
19842.6 -9.68121e-09 1958.56 -0.619606 -2.52095e-09 3.12344 
19837.9 -9.80144e-09 1982.55 -0.627269 -2.55225e-09 3.12268 
19833 -9.92168e-09 2006.53 -0.634934 -2.58356e-09 3.1219 
19828.1 -1.00419e-08 2030.5 -0.6426 -2.61488e-09 3.12112 
19823.1 -1.01622e-08 2054.47 -0.650266 -2.6462e-09 3.12033 
19818.1 -1.02825e-08 2078.43 -0.657934 -2.67752e-09 3.11954 
19813 -1.04028e-08 2102.39 -0.665602 -2.70884e-09 3.11873 
19807.9 -1.05231e-08 2126.34 -0.673272 -2.74017e-09 3.11791 
19802.7 -1.06434e-08 2150.29 -0.680942 -2.7715e-09 3.11708 
19797.4 -1.07637e-08 2174.22 -0.688614 -2.80284e-09 3.11624 
19792.1 -1.08841e-08 2198.16 -0.696286 -2.83417e-09 3.11539 
19786.7 -1.10045e-08 2222.08 -0.70396 -2.86552e-09 3.11454 
19781.3 -1.11249e-08 2246 -0.711634 -2.89687e-09 3.11367 
19775.8 -1.12453e-08 2269.91 -0.71931 -2.92822e-09 3.11279 
19770.3 -1.13657e-08 2293.82 -0.726986 -2.95957e-09 3.11191 
19764.6 -1.14861e-08 2317.71 -0.734664 -2.99094e-09 3.11101 
19759 -1.16066e-08 2341.6 -0.742343 -3.0223e-09 3.11011 
19753.2 -1.1727e-08 2365.49 -0.750022 -3.05367e-09 3.10919 
19747.4 -1.18475e-08 2389.36 -0.757703 -3.08504e-09 3.10827 
19741.6 -1.1968e-08 2413.23 -0.765385 -3.11642e-09 3.10733 
19735.7 -1.20885e-08 2437.1 -0.773068 -3.14781e-09 3.10639 
19729.7 -1.22091e-08 2460.95 -0.780753 -3.1792e-09 3.10544 
19723.7 -1.23297e-08 2484.8 -0.788438 -3.21059e-09 3.10447 
19717.6 -1.24502e-08 2508.64 -0.796125 -3.24199e-09 3.1035 
19711.5 -1.25708e-08 2532.47 -0.803812 -3.2734e-09 3.10252 
19705.3 -1.26915e-08 2556.3 -0.811501 -3.3048e-09 3.10152 
19699 -1.28121e-08 2580.12 -0.819191 -3.33622e-09 3.10052 
19692.7 -1.29328e-08 2603.93 -0.826883 -3.36764e-09 3.09951 
19686.3 -1.30535e-08 2627.73 -0.834575 -3.39907e-09 3.09849 
19679.9 -1.31742e-08 2651.52 -0.842269 -3.4305e-09 3.09746 
19673.4 -1.32949e-08 2675.31 -0.849964 -3.46194e-09 3.09641 
19666.8 -1.34156e-08 2699.09 -0.85766 -3.49338e-09 3.09536 
19660.2 -1.35364e-08 2722.86 -0.865357 -3.52483e-09 3.0943 
19653.5 -1.36572e-08 2746.62 -0.873056 -3.55628e-09 3.09323 
19646.8 -1.3778e-08 2770.37 -0.880756 -3.58775e-09 3.09215 
19640 -1.38989e-08 2794.12 -0.888457 -3.61921e-09 3.09106 
19633.1 -1.40198e-08 2817.86 -0.89616 -3.65069e-09 3.08996 
19626.2 -1.41407e-08 2841.59 -0.903863 -3.68217e-09 3.08885 
19619.2 -1.42616e-08 2865.31 -0.911569 -3.71365e-09 3.08773 
19612.2 -1.43825e-08 2889.02 -0.919275 -3.74515e-09 3.0866 
19605.1 -1.45035e-08 2912.72 -0.926983 -3.77665e-09 3.08546 
19598 -1.46245e-08 2936.41 -0.934692 -3.80816e-09 3.08431 
19590.8 -1.47455e-08 2960.1 -0.942403 -3.83967e-09 3.08315 
19583.5 -1.48666e-08 2983.77 -0.950115 -3.87119e-09 3.08198 
19576.2 -1.49876e-08 3007.44 -0.957828 -3.90272e-09 3.0808 
19568.8 -1.51087e-08 3031.1 -0.965543 -3.93425e-09 3.07961 
19561.3 -1.52299e-08 3054.75 -0.973259 -3.96579e-09 3.07841 
19553.8 -1.5351e-08 3078.39 -0.980976 -3.99734e-09 3.0772 
19546.3 -1.54722e-08 3102.02 -0.988695 -4.0289e-09 3.07598 
19538.6 -1.55934e-08 3125.64 -0.996416 -4.06046e-09 3.07475 
19531 -1.57147e-08 3149.25 -1.00414 -4.09203e-09 3.07351 
19523.2 -1.58359e-08 3172.85 -1.01186 -4.12361e-09 3.07226 
19515.4 -1.59572e-08 3196.44 -1.01959 -4.1552e-09 3.071 
19507.6 -1.60786e-08 3220.02 -1.02731 -4.18679e-09 3.06972 
19499.6 -1.61999e-08 3243.6 -1.03504 -4.2184e-09 3.06844 
19491.7 -1.63213e-08 3267.16 -1.04277 -4.25001e-09 3.06715 
19483.6 -1.64428e-08 3290.71 -1.0505 -4.28163e-09 3.06585 
19475.5 -1.65642e-08 3314.25 -1.05823 -4.31325e-09 3.06454 
19467.4 -1.66857e-08 3337.79 -1.06597 -4.34489e-09 3.06322 
19459.1 -1.68072e-08 3361.31 -1.0737 -4.37653e-09 3.06189 
19450.9 -1.69288e-08 3384.82 -1.08144 -4.40818e-09 3.06055 
19442.5 -1.70504e-08 3408.32 -1.08918 -4.43984e-09 3.0592 
19434.1 -1.7172e-08 3431.81 -1.09692 -4.47151e-09 3.05783 
19425.7 -1.72936e-08 3455.3 -1.10466 -4.50319e-09 3.05646 
19417.2 -1.74153e-08 3478.77 -1.1124 -4.53488e-09 3.05508 
19408.6 -1.7537e-08 3502.22 -1.12015 -4.56657e-09 3.05369 
19400 -1.76588e-08 3525.67 -1.1279 -4.59828e-09 3.05228 
19391.3 -1.77806e-08 3549.11 -1.13564 -4.62999e-09 3.05087 
19382.5 -1.79024e-08 3572.54 -1.14339 -4.66172e-09 3.04945 
19373.7 -1.80243e-08 3595.95 -1.15115 -4.69345e-09 3.04801 
19364.8 -1.81462e-08 3619.36 -1.1589 -4.72519e-09 3.04657 
19355.9 -1.82681e-08 3642.75 -1.16665 -4.75694e-09 3.04512 
19346.9 -1.83901e-08 3666.14 -1.17441 -4.7887e-09 3.04365 
19337.9 -1.85121e-08 3689.51 -1.18217 -4.82047e-09 3.04218 
19328.8 -1.86341e-08 3712.87 -1.18993 -4.85225e-09 3.04069 
19319.6 -1.87562e-08 3736.22 -1.19769 -4.88404e-09 3.03919 
19310.4 -1.88783e-08 3759.55 -1.20545 -4.91585e-09 3.03769 
19301.1 -1.90005e-08 3782.88 -1.21322 -4.94766e-09 3.03617 
19291.7 -1.91227e-08 3806.19 -1.22099 -4.97948e-09 3.03464 
19282.3 -1.9245e-08 3829.49 -1.22876 -5.01131e-09 3.03311 
19272.8 -1.93672e-08 3852.79 -1.23653 -5.04315e-09 3.03156 
19263.3 -1.94896e-08 3876.06 -1.2443 -5.075e-09 3.03 
19253.7 -1.96119e-08 3899.33 -1.25207 -5.10686e-09 3.02843 
19244.1 -1.97343e-08 3922.58 -1.25985 -5.13873e-09 3.02685 
19234.4 -1.98568e-08 3945.83 -1.26763 -5.17062e-09 3.02526 
19224.6 -1.99792e-08 3969.06 -1.27541 -5.20251e-09 3.02366 
19214.8 -2.01018e-08 3992.27 -1.28319 -5.23442e-09 3.02205 
19204.9 -2.02243e-08 4015.48 -1.29097 -5.26633e-09 3.02042 
19195 -2.03469e-08 4038.67 -1.29876 -5.29826e-09 3.01879 
19184.9 -2.04696e-08 4061.85 -1.30655 -5.3302e-09 3.01715 
19174.9 -2.05923e-08 4085.02 -1.31434 -5.36215e-09 3.01549 
19164.8 -2.0715e-08 4108.17 -1.32213 -5.39411e-09 3.01383 
19154.6 -2.08378e-08 4131.31 -1.32992 -5.42608e-09 3.01215 
19144.3 -2.09606e-08 4154.44 -1.33772 -5.45807e-09 3.01047 
19134 -2.10835e-08 4177.56 -1.34551 -5.49006e-09 3.00877 
19123.7 -2.12064e-08 4200.66 -1.35331 -5.52207e-09 3.00706 
19113.2 -2.13294e-08 4223.75 -1.36111 -5.55409e-09 3.00534 
19102.8 -2.14524e-08 4246.83 -1.36892 -5.58612e-09 3.00361 
19092.2 -2.15755e-08 4269.89 -1.37672 -5.61817e-09 3.00187 
19081.6 -2.16986e-08 4292.94 -1.38453 -5.65022e-09 3.00012 
19070.9 -2.18217e-08 4315.97 -1.39234 -5.68229e-09 2.99836 
19060.2 -2.19449e-08 4339 -1.40015 -5.71437e-09 2.99659 
19049.4 -2.20682e-08 4362.01 -1.40796 -5.74646e-09 2.9948 
19038.6 -2.21915e-08 4385 -1.41578 -5.77857e-09 2.99301 
19027.7 -2.23148e-08 4407.98 -1.42359 -5.81069e-09 2.9912 
19016.7 -2.24382e-08 4430.95 -1.43141 -5.84282e-09 2.98938 
19005.7 -2.25617e-08 4453.9 -1.43923 -5.87496e-09 2.98756 
18994.6 -2.26852e-08 4476.84 -1.44706 -5.90712e-09 2.98572 
18983.5 -2.28087e-08 4499.77 -1.45488 -5.93929e-09 2.98387 
18972.3 -2.29323e-08 4522.68 -1.46271 -5.97147e-09 2.98201 
18961 -2.30559e-08 4545.57 -1.47054 -6.00367e-09 2.98014 
18949.7 -2.31796e-08 4568.46 -1.47837 -6.03588e-09 2.97825 
18938.3 -2.33034e-08 4591.32 -1.48621 -6.0681e-09 2.97636 
18926.8 -2.34272e-08 4614.18 -1.49404 -6.10034e-09 2.97445 
18915.3 -2.3551e-08 4637.01 -1.50188 -6.13259e-09 2.97254 
18903.8 -2.36749e-08 4659.84 -1.50972 -6.16486e-09 2.97061 
18892.1 -2.37989e-08 4682.65 -1.51756 -6.19713e-09 2.96867 
18880.5 -2.39229e-08 4705.44 -1.52541 -6.22943e-09 2.96672 
18868.7 -2.4047e-08 4728.22 -1.53326 -6.26173e-09 2.96476 
18856.9 -2.41711e-08 4750.98 -1.5411 -6.29405e-09 2.96279 
18845 -2.42953e-08 4773.73 -1.54896 -6.32639e-09 2.9608 
18833.1 -2.44195e-08 4796.46 -1.55681 -6.35874e-09 2.95881 
18821.1 -2.45438e-08 4819.18 -1.56467 -6.3911e-09 2.9568 
18809.1 -2.46681e-08 4841.88 -1.57252 -6.42348e-09 2.95479 
18797 -2.47925e-08 4864.57 -1.58039 -6.45587e-09 2.95276 
18784.8 -2.4917e-08 4887.24 -1.58825 -6.48828e-09 2.95072 
18772.6 -2.50415e-08 4909.9 -1.59611 -6.52071e-09 2.94867 
18760.3 -2.51661e-08 4932.54 -1.60398 -6.55314e-09 2.9466 
18747.9 -2.52907e-08 4955.16 -1.61185 -6.5856e-09 2.94453 
18735.5 -2.54154e-08 4977.77 -1.61972 -6.61807e-09 2.94244 
18723.1 -2.55401e-08 5000.36 -1.6276 -6.65055e-09 2.94034 
18710.5 -2.5665e-08 5022.94 -1.63548 -6.68305e-09 2.93823 
18697.9 -2.57898e-08 5045.49 -1.64335 -6.71556e-09 2.93611 
18685.3 -2.59147e-08 5068.04 -1.65124 -6.74809e-09 2.93398 
18672.6 -2.60397e-08 5090.56 -1.65912 -6.78064e-09 2.93184 
18659.8 -2.61648e-08 5113.07 -1.66701 -6.8132e-09 2.92968 
18647 -2.62899e-08 5135.57 -1.6749 -6.84578e-09 2.92751 
18634.1 -2.64151e-08 5158.04 -1.68279 -6.87837e-09 2.92534 
18621.1 -2.65403e-08 5180.5 -1.69068 -6.91098e-09 2.92315 
18608.1 -2.66656e-08 5202.95 -1.69858 -6.94361e-09 2.92094 
18595 -2.6791e-08 5225.37 -1.70648 -6.97625e-09 2.91873 
18581.9 -2.69164e-08 5247.78 -1.71438 -7.00891e-09 2.9165 
18568.7 -2.70419e-08 5270.17 -1.72228 -7.04159e-09 2.91427 
18555.4 -2.71674e-08 5292.55 -1.73019 -7.07428e-09 2.91202 
18542.1 -2.7293e-08 5314.91 -1.7381 -7.10699e-09 2.90975 
18528.7 -2.74187e-08 5337.25 -1.74601 -7.13972e-09 2.90748 
18515.3 -2.75445e-08 5359.57 -1.75392 -7.17246e-09 2.9052 
18501.8 -2.76703e-08 5381.87 -1.76184 -7.20522e-09 2.9029 
18488.2 -2.77961e-08 5404.16 -1.76976 -7.238e-09 2.90059 
18474.6 -2.79221e-08 5426.43 -1.77768 -7.2708e-09 2.89827 
18460.9 -2.80481e-08 5448.68 -1.7856 -7.30361e-09 2.89594 
18447.2 -2.81742e-08 5470.92 -1.79353 -7.33644e-09 2.89359 
18433.4 -2.83003e-08 5493.13 -1.80146 -7.36929e-09 2.89123 
18419.5 -2.84265e-08 5515.33 -1.80939 -7.40216e-09 2.88886 
18405.6 -2.85528e-08 5537.51 -1.81732 -7.43504e-09 2.88648 
18391.6 -2.86792e-08 5559.67 -1.82526 -7.46794e-09 2.88409 
18377.5 -2.88056e-08 5581.81 -1.8332 -7.50086e-09 2.88168 
18363.4 -2.89321e-08 5603.93 -1.84114 -7.5338e-09 2.87927 
18349.2 -2.90587e-08 5626.04 -1.84909 -7.56676e-09 2.87683 
18335 -2.91853e-08 5648.13 -1.85704 -7.59974e-09 2.87439 
18320.7 -2.9312e-08 5670.19 -1.86499 -7.63273e-09 2.87194 
18306.4 -2.94388e-08 5692.24 -1.87294 -7.66574e-09 2.86947 
18292 -2.95657e-08 5714.27 -1.8809 -7.69878e-09 2.86699 
18277.5 -2.96926e-08 5736.28 -1.88885 -7.73183e-09 2.8645 
18262.9 -2.98196e-08 5758.27 -1.89681 -7.7649e-09 2.86199 
18248.3 -2.99466e-08 5780.25 -1.90478 -7.79799e-09 2.85948 
18233.7 -3.00738e-08 5802.2 -1.91275 -7.83109e-09 2.85695 
18219 -3.0201e-08 5824.13 -1.92071 -7.86422e-09 2.85441 
18204.2 -3.03283e-08 5846.05 -1.92869 -7.89737e-09 2.85185 
18189.3 -3.04557e-08 5867.94 -1.93666 -7.93054e-09 2.84929 
18174.4 -3.05831e-08 5889.82 -1.94464 -7.96372e-09 2.84671 
18159.5 -3.07107e-08 5911.67 -1.95262 -7.99693e-09 2.84411 
18144.4 -3.08383e-08 5933.5 -1.9606 -8.03016e-09 2.84151 
18129.3 -3.09659e-08 5955.32 -1.96859 -8.0634e-09 2.83889 
18114.2 -3.10937e-08 5977.11 -1.97658 -8.09667e-09 2.83626 
18099 -3.12215e-08 5998.89 -1.98457 -8.12996e-09 2.83362 
18083.7 -3.13494e-08 6020.64 -1.99257 -8.16327e-09 2.83096 
18068.4 -3.14774e-08 6042.37 -2.00056 -8.1966e-09 2.82829 
18053 -3.16055e-08 6064.09 -2.00856 -8.22995e-09 2.82561 
18037.5 -3.17337e-08 6085.78 -2.01657 -8.26332e-09 2.82292 
18022 -3.18619e-08 6107.45 -2.02457 -8.29671e-09 2.82021 
18006.4 -3.19902e-08 6129.1 -2.03258 -8.33012e-09 2.81749 
17990.8 -3.21186e-08 6150.73 -2.04059 -8.36355e-09 2.81476 
17975.1 -3.22471e-08 6172.34 -2.04861 -8.39701e-09 2.81201 
17959.3 -3.23756e-08 6193.93 -2.05663 -8.43048e-09 2.80925 
17943.5 -3.25043e-08 6215.49 -2.06465 -8.46398e-09 2.80648 
17927.6 -3.2633e-08 6237.04 -2.07267 -8.4975e-09 2.80369 
17911.6 -3.27618e-08 6258.56 -2.0807 -8.53104e-09 2.8009 
17895.6 -3.28907e-08 6280.06 -2.08873 -8.56461e-09 2.79808 
17879.6 -3.30197e-08 6301.54 -2.09676 -8.59819e-09 2.79526 
17863.4 -3.31488e-08 6323 -2.1048 -8.6318e-09 2.79242 
17847.2 -3.32779e-08 6344.44 -2.11283 -8.66543e-09 2.78957 
17831 -3.34071e-08 6365.85 -2.12088 -8.69908e-09 2.7867 
17814.6 -3.35365e-08 6387.24 -2.12892 -8.73276e-09 2.78383 
17798.3 -3.36659e-08 6408.61 -2.13697 -8.76646e-09 2.78093 
17781.8 -3.37954e-08 6429.96 -2.14502 -8.80018e-09 2.77803 
17765.3 -3.3925e-08 6451.29 -2.15307 -8.83392e-09 2.77511 
17748.7 -3.40546e-08 6472.59 -2.16113 -8.86769e-09 2.77218 
17732.1 -3.41844e-08 6493.87 -2.16919 -8.90148e-09 2.76923 
17715.4 -3.43142e-08 6515.13 -2.17725 -8.93529e-09 2.76627 
17698.7 -3.44442e-08 6536.37 -2.18532 -8.96913e-09 2.7633 
17681.8 -3.45742e-08 6557.58 -2.19339 -9.00299e-09 2.76031 
17665 -3.47044e-08 6578.77 -2.20146 -9.03687e-09 2.75731 
17648 -3.48346e-08 6599.93 -2.20954 -9.07078e-09 2.7543 
17631 -3.49649e-08 6621.08 -2.21762 -9.10471e-09 2.75127 
17614 -3.50953e-08 6642.2 -2.2257 -9.13867e-09 2.74823 
17596.8 -3.52258e-08 6663.29 -2.23378 -9.17265e-09 2.74518 
17579.7 -3.53564e-08 6684.37 -2.24187 -9.20665e-09 2.74211 
17562.4 -3.5487e-08 6705.42 -2.24996 -9.24068e-09 2.73902 
17545.1 -3.56178e-08 6726.44 -2.25806 -9.27473e-09 2.73593 
17527.7 -3.57487e-08 6747.44 -2.26616 -9.30881e-09 2.73282 
17510.3 -3.58797e-08 6768.42 -2.27426 -9.34292e-09 2.72969 
17492.8 -3.60107e-08 6789.37 -2.28236 -9.37705e-09 2.72655 
17475.2 -3.61419e-08 6810.3 -2.29047 -9.4112e-09 2.7234 
17457.6 -3.62731e-08 6831.21 -2.29858 -9.44538e-09 2.72023 
17439.9 -3.64045e-08 6852.09 -2.3067 -9.47958e-09 2.71705 
17422.2 -3.6536e-08 6872.95 -2.31481 -9.51381e-09 2.71385 
17404.4 -3.66675e-08 6893.78 -2.32293 -9.54807e-09 2.71064 
17386.5 -3.67992e-08 6914.58 -2.33106 -9.58235e-09 2.70742 
17368.5 -3.69309e-08 6935.37 -2.33918 -9.61666e-09 2.70418 
17350.5 -3.70628e-08 6956.12 -2.34731 -9.65099e-09 2.70093 
17332.5 -3.71947e-08 6976.86 -2.35545 -9.68535e-09 2.69766 
17314.4 -3.73268e-08 6997.56 -2.36359 -9.71974e-09 2.69438 
17296.2 -3.74589e-08 7018.24 -2.37173 -9.75415e-09 2.69108 
17277.9 -3.75912e-08 7038.9 -2.37987 -9.78859e-09 2.68777 
17259.6 -3.77235e-08 7059.53 -2.38802 -9.82306e-09 2.68445 
17241.2 -3.7856e-08 7080.14 -2.39617 -9.85755e-09 2.68111 
17222.8 -3.79886e-08 7100.72 -2.40432 -9.89207e-09 2.67775 
17204.3 -3.81213e-08 7121.27 -2.41248 -9.92662e-09 2.67438 
17185.8 -3.8254e-08 7141.8 -2.42064 -9.96119e-09 2.671 
17167.1 -3.83869e-08 7162.3 -2.4288 -9.9958e-09 2.6676 
17148.4 -3.85199e-08 7182.78 -2.43697 -1.00304e-08 2.66418 
17129.7 -3.8653e-08 7203.23 -2.44514 -1.00651e-08 2.66075 
17110.9 -3.87862e-08 7223.65 -2.45332 -1.00998e-08 2.65731 
17092 -3.89195e-08 7244.05 -2.46149 -1.01345e-08 2.65385 
17073.1 -3.90529e-08 7264.42 -2.46968 -1.01692e-08 2.65038 
17054.1 -3.91865e-08 7284.76 -2.47786 -1.0204e-08 2.64689 
17035 -3.93201e-08 7305.07 -2.48605 -1.02388e-08 2.64338 
17015.9 -3.94539e-08 7325.36 -2.49424 -1.02736e-08 2.63986 
16996.7 -3.95877e-08 7345.63 -2.50244 -1.03085e-08 2.63633 
16977.4 -3.97217e-08 7365.86 -2.51063 -1.03434e-08 2.63278 
16958.1 -3.98558e-08 7386.07 -2.51884 -1.03783e-08 2.62921 
16938.8 -3.999e-08 7406.25 -2.52704 -1.04132e-08 2.62563 
16919.3 -4.01243e-08 7426.4 -2.53525 -1.04482e-08 2.62203 
16899.8 -4.02587e-08 7446.53 -2.54346 -1.04832e-08 2.61842 
16880.2 -4.03933e-08 7466.62 -2.55168 -1.05182e-08 2.61479 
16860.6 -4.05279e-08 7486.69 -2.5599 -1.05533e-08 2.61115 
16840.9 -4.06627e-08 7506.73 -2.56812 -1.05884e-08 2.60749 
16821.2 -4.07976e-08 7526.75 -2.57635 -1.06235e-08 2.60382 
16801.3 -4.09326e-08 7546.73 -2.58458 -1.06587e-08 2.60013 
16781.5 -4.10677e-08 7566.69 -2.59281 -1.06939e-08 2.59642 
16761.5 -4.12029e-08 7586.62 -2.60105 -1.07291e-08 2.5927 
16741.5 -4.13383e-08 7606.52 -2.60929 -1.07643e-08 2.58897 
16721.4 -4.14738e-08 7626.39 -2.61754 -1.07996e-08 2.58521 
16701.3 -4.16094e-08 7646.23 -2.62579 -1.08349e-08 2.58144 
16681.1 -4.17451e-08 7666.04 -2.63404 -1.08702e-08 2.57766 
16660.8 -4.18809e-08 7685.82 -2.6423 -1.09056e-08 2.57386 
16640.5 -4.20169e-08 7705.58 -2.65055 -1.0941e-08 2.57004 
16620.1 -4.21529e-08 7725.3 -2.65882 -1.09765e-08 2.56621 
16599.7 -4.22891e-08 7745 -2.66708 -1.10119e-08 2.56236 
16579.1 -4.24255e-08 7764.66 -2.67535 -1.10474e-08 2.55849 
16558.6 -4.25619e-08 7784.3 -2.68363 -1.10829e-08 2.55461 
16537.9 -4.26985e-08 7803.9 -2.69191 -1.11185e-08 2.55071 
16517.2 -4.28352e-08 7823.48 -2.70019 -1.11541e-08 2.54679 
16496.4 -4.2972e-08 7843.03 -2.70847 -1.11897e-08 2.54286 
16475.6 -4.31089e-08 7862.54 -2.71676 -1.12254e-08 2.53891 
16454.7 -4.3246e-08 7882.03 -2.72505 -1.12611e-08 2.53495 
16433.7 -4.33832e-08 7901.48 -2.73335 -1.12968e-08 2.53097 
16412.7 -4.35206e-08 7920.91 -2.74165 -1.13326e-08 2.52697 
16391.6 -4.3658e-08 7940.3 -2.74995 -1.13684e-08 2.52295 
16370.5 -4.37956e-08 7959.66 -2.75826 -1.14042e-08 2.51892 
16349.3 -4.39333e-08 7978.99 -2.76657 -1.14401e-08 2.51487 
16328 -4.40712e-08 7998.29 -2.77489 -1.1476e-08 2.51081 
16306.6 -4.42092e-08 8017.56 -2.78321 -1.15119e-08 2.50673 
16285.2 -4.43473e-08 8036.8 -2.79153 -1.15478e-08 2.50263 
16263.8 -4.44855e-08 8056 -2.79986 -1.15838e-08 2.49851 
16242.2 -4.46239e-08 8075.18 -2.80819 -1.16199e-08 2.49438 
16220.6 -4.47624e-08 8094.32 -2.81652 -1.1656e-08 2.49022 
16199 -4.49011e-08 8113.43 -2.82486 -1.16921e-08 2.48606 
16177.2 -4.50399e-08 8132.51 -2.8332 -1.17282e-08 2.48187 
16155.4 -4.51788e-08 8151.56 -2.84154 -1.17644e-08 2.47767 
16133.6 -4.53178e-08 8170.57 -2.84989 -1.18006e-08 2.47345 
16111.7 -4.5457e-08 8189.55 -2.85825 -1.18368e-08 2.46921 
16089.7 -4.55964e-08 8208.5 -2.8666 -1.18731e-08 2.46495 
16067.6 -4.57358e-08 8227.42 -2.87496 -1.19094e-08 2.46068 
16045.5 -4.58755e-08 8246.3 -2.88333 -1.19458e-08 2.45639 
16023.3 -4.60152e-08 8265.15 -2.8917 -1.19822e-08 2.45208 
16001.1 -4.61551e-08 8283.97 -2.90007 -1.20186e-08 2.44775 
15978.8 -4.62951e-08 8302.75 -2.90844 -1.20551e-08 2.44341 
15956.4 -4.64353e-08 8321.5 -2.91682 -1.20916e-08 2.43905 
15934 -4.65756e-08 8340.22 -2.92521 -1.21281e-08 2.43467 
15911.5 -4.67161e-08 8358.9 -2.9336 -1.21647e-08 2.43027 
15888.9 -4.68567e-08 8377.55 -2.94199 -1.22013e-08 2.42585 
15866.3 -4.69975e-08 8396.16 -2.95038 -1.22379e-08 2.42142 
15843.6 -4.71384e-08 8414.74 -2.95878 -1.22746e-08 2.41696 
15820.8 -4.72794e-08 8433.29 -2.96719 -1.23114e-08 2.41249 
15798 -4.74206e-08 8451.8 -2.97559 -1.23481e-08 2.408 
15775.1 -4.75619e-08 8470.28 -2.984 -1.23849e-08 2.4035 
15752.2 -4.77034e-08 8488.72 -2.99242 -1.24218e-08 2.39897 
15729.2 -4.78451e-08 8507.13 -3.00084 -1.24587e-08 2.39442 
15706.1 -4.79869e-08 8525.5 -3.00926 -1.24956e-08 2.38986 
15682.9 -4.81288e-08 8543.84 -3.01769 -1.25325e-08 2.38528 
15659.7 -4.82709e-08 8562.15 -3.02612 -1.25695e-08 2.38068 
15636.4 -4.84131e-08 8580.41 -3.03455 -1.26066e-08 2.37606 
15613.1 -4.85555e-08 8598.64 -3.04299 -1.26437e-08 2.37142 
15589.7 -4.86981e-08 8616.84 -3.05144 -1.26808e-08 2.36676 
15566.2 -4.88408e-08 8635 -3.05988 -1.27179e-08 2.36208 
15542.7 -4.89837e-08 8653.12 -3.06833 -1.27551e-08 2.35738 
15519.1 -4.91267e-08 8671.21 -3.07679 -1.27924e-08 2.35267 
15495.4 -4.92699e-08 8689.26 -3.08525 -1.28297e-08 2.34793 
15471.7 -4.94132e-08 8707.28 -3.09371 -1.2867e-08 2.34318 
15447.9 -4.95567e-08 8725.26 -3.10218 -1.29044e-08 2.33841 
15424.1 -4.97003e-08 8743.2 -3.11065 -1.29418e-08 2.33361 
15400.1 -4.98442e-08 8761.11 -3.11912 -1.29792e-08 2.3288 
15376.1 -4.99881e-08 8778.97 -3.1276 -1.30167e-08 2.32397 
15352.1 -5.01323e-08 8796.8 -3.13608 -1.30542e-08 2.31912 
15328 -5.02766e-08 8814.6 -3.14457 -1.30918e-08 2.31425 
15303.8 -5.0421e-08 8832.35 -3.15306 -1.31294e-08 2.30935 
15279.5 -5.05656e-08 8850.07 -3.16156 -1.31671e-08 2.30444 
15255.2 -5.07104e-08 8867.75 -3.17005 -1.32048e-08 2.29951 
15230.8 -5.08554e-08 8885.4 -3.17856 -1.32425e-08 2.29456 
15206.4 -5.10005e-08 8903 -3.18706 -1.32803e-08 2.28959 
15181.9 -5.11458e-08 8920.57 -3.19558 -1.33182e-08 2.2846 
15157.3 -5.12913e-08 8938.09 -3.20409 -1.3356e-08 2.27958 
15132.7 -5.14369e-08 8955.58 -3.21261 -1.3394e-08 2.27455 
15108 -5.15827e-08 8973.03 -3.22113 -1.34319e-08 2.2695 
15083.2 -5.17286e-08 8990.45 -3.22966 -1.34699e-08 2.26442 
15058.3 -5.18748e-08 9007.82 -3.23819 -1.3508e-08 2.25933 
15033.4 -5.20211e-08 9025.15 -3.24673 -1.35461e-08 2.25422 
15008.5 -5.21676e-08 9042.45 -3.25526 -1.35842e-08 2.24908 
14983.4 -5.23142e-08 9059.7 -3.26381 -1.36224e-08 2.24392 
14958.3 -5.24611e-08 9076.92 -3.27235 -1.36606e-08 2.23875 
14933.2 -5.26081e-08 9094.09 -3.28091 -1.36989e-08 2.23355 
14907.9 -5.27552e-08 9111.23 -3.28946 -1.37372e-08 2.22833 
14882.6 -5.29026e-08 9128.32 -3.29802 -1.37756e-08 2.22309 
14857.3 -5.30501e-08 9145.37 -3.30658 -1.3814e-08 2.21783 
14831.8 -5.31979e-08 9162.39 -3.31515 -1.38525e-08 2.21254 
14806.3 -5.33458e-08 9179.36 -3.32372 -1.3891e-08 2.20724 
14780.8 -5.34938e-08 9196.29 -3.3323 -1.39296e-08 2.20191 
14755.2 -5.36421e-08 9213.19 -3.34088 -1.39682e-08 2.19656 
14729.5 -5.37905e-08 9230.04 -3.34946 -1.40068e-08 2.1912 
14703.7 -5.39392e-08 9246.85 -3.35805 -1.40455e-08 2.1858 
14677.9 -5.4088e-08 9263.61 -3.36664 -1.40843e-08 2.18039 
14652 -5.4237e-08 9280.34 -3.37524 -1.41231e-08 2.17496 
14626 -5.43862e-08 9297.02 -3.38384 -1.41619e-08 2.1695 
14600 -5.45355e-08 9313.66 -3.39244 -1.42008e-08 2.16402 
14573.9 -5.46851e-08 9330.26 -3.40105 -1.42398e-08 2.15852 
14547.8 -5.48348e-08 9346.82 -3.40966 -1.42788e-08 2.153 
14521.5 -5.49848e-08 9363.34 -3.41828 -1.43178e-08 2.14745 
14495.3 -5.51349e-08 9379.81 -3.4269 -1.43569e-08 2.14188 
14468.9 -5.52852e-08 9396.24 -3.43553 -1.4396e-08 2.13629 
14442.5 -5.54357e-08 9412.63 -3.44415 -1.44352e-08 2.13068 
14416 -5.55865e-08 9428.97 -3.45279 -1.44745e-08 2.12504 
14389.4 -5.57374e-08 9445.27 -3.46142 -1.45138e-08 2.11938 
14362.8 -5.58885e-08 9461.53 -3.47006 -1.45531e-08 2.1137 
14336.1 -5.60397e-08 9477.74 -3.47871 -1.45925e-08 2.108 
14309.4 -5.61912e-08 9493.91 -3.48736 -1.4632e-08 2.10227 
14282.6 -5.63429e-08 9510.03 -3.49601 -1.46715e-08 2.09652 
14255.7 -5.64948e-08 9526.11 -3.50467 -1.4711e-08 2.09074 
14228.7 -5.66469e-08 9542.15 -3.51333 -1.47506e-08 2.08494 
14201.7 -5.67992e-08 9558.14 -3.52199 -1.47903e-08 2.07912 
14174.6 -5.69517e-08 9574.09 -3.53066 -1.483e-08 2.07328 
14147.5 -5.71044e-08 9589.99 -3.53934 -1.48697e-08 2.06741 
14120.3 -5.72573e-08 9605.84 -3.54801 -1.49096e-08 2.06152 
14093 -5.74104e-08 9621.65 -3.55669 -1.49494e-08 2.0556 
14065.6 -5.75637e-08 9637.42 -3.56538 -1.49894e-08 2.04966 
14038.2 -5.77172e-08 9653.14 -3.57407 -1.50293e-08 2.0437 
14010.7 -5.7871e-08 9668.81 -3.58276 -1.50694e-08 2.03771 
13983.2 -5.80249e-08 9684.44 -3.59146 -1.51094e-08 2.03169 
13955.6 -5.81791e-08 9700.02 -3.60016 -1.51496e-08 2.02566 
13927.9 -5.83334e-08 9715.56 -3.60886 -1.51898e-08 2.0196 
13900.1 -5.8488e-08 9731.05 -3.61757 -1.523e-08 2.01351 
13872.3 -5.86428e-08 9746.49 -3.62629 -1.52703e-08 2.0074 
13844.4 -5.87978e-08 9761.88 -3.635 -1.53107e-08 2.00126 
13816.5 -5.8953e-08 9777.23 -3.64372 -1.53511e-08 1.9951 
13788.4 -5.91085e-08 9792.53 -3.65245 -1.53916e-08 1.98892 
13760.4 -5.92641e-08 9807.78 -3.66118 -1.54321e-08 1.98271 
13732.2 -5.942e-08 9822.99 -3.66991 -1.54727e-08 1.97647 
13704 -5.95761e-08 9838.14 -3.67865 -1.55134e-08 1.97021 
13675.7 -5.97324e-08 9853.25 -3.68739 -1.55541e-08 1.96392 
13647.3 -5.9889e-08 9868.31 -3.69613 -1.55948e-08 1.95761 
13618.9 -6.00457e-08 9883.32 -3.70488 -1.56357e-08 1.95127 
13590.4 -6.02027e-08 9898.28 -3.71364 -1.56765e-08 1.94491 
13561.9 -6.03599e-08 9913.2 -3.72239 -1.57175e-08 1.93852 
13533.2 -6.05174e-08 9928.06 -3.73115 -1.57585e-08 1.93211 
13504.6 -6.0675e-08 9942.88 -3.73992 -1.57995e-08 1.92567 
13475.8 -6.08329e-08 9957.64 -3.74868 -1.58406e-08 1.9192 
13447 -6.09911e-08 9972.36 -3.75746 -1.58818e-08 1.91271 
13418.1 -6.11494e-08 9987.02 -3.76623 -1.59231e-08 1.90619 
13389.1 -6.1308e-08 10001.6 -3.77501 -1.59644e-08 1.89964 
13360.1 -6.14669e-08 10016.2 -3.7838 -1.60057e-08 1.89307 
13331 -6.16259e-08 10030.7 -3.79258 -1.60471e-08 1.88647 
13301.8 -6.17852e-08 10045.2 -3.80137 -1.60886e-08 1.87984 
13272.6 -6.19448e-08 10059.6 -3.81017 -1.61302e-08 1.87318 
13243.3 -6.21045e-08 10074 -3.81897 -1.61718e-08 1.8665 
13213.9 -6.22645e-08 10088.3 -3.82777 -1.62134e-08 1.8598 
13184.5 -6.24248e-08 10102.5 -3.83658 -1.62552e-08 1.85306 
13155 -6.25853e-08 10116.7 -3.84539 -1.6297e-08 1.8463 
13125.4 -6.27461e-08 10130.9 -3.8542 -1.63388e-08 1.83951 
13095.8 -6.2907e-08 10145 -3.86302 -1.63807e-08 1.83269 
13066.1 -6.30683e-08 10159 -3.87184 -1.64227e-08 1.82584 
13036.3 -6.32298e-08 10173 -3.88066 -1.64648e-08 1.81897 
13006.5 -6.33915e-08 10187 -3.88949 -1.65069e-08 1.81207 
12976.6 -6.35535e-08 10200.9 -3.89833 -1.65491e-08 1.80514 
12946.6 -6.37157e-08 10214.7 -3.90716 -1.65913e-08 1.79818 
12916.6 -6.38782e-08 10228.5 -3.916 -1.66336e-08 1.79119 
12886.4 -6.40409e-08 10242.2 -3.92484 -1.6676e-08 1.78417 
12856.3 -6.42039e-08 10255.9 -3.93369 -1.67184e-08 1.77713 
12826 -6.43672e-08 10269.5 -3.94254 -1.67609e-08 1.77006 
12795.7 -6.45307e-08 10283.1 -3.9514 -1.68035e-08 1.76295 
12765.3 -6.46945e-08 10296.6 -3.96025 -1.68462e-08 1.75582 
12734.9 -6.48585e-08 10310.1 -3.96911 -1.68889e-08 1.74866 
12704.3 -6.50228e-08 10323.5 -3.97798 -1.69317e-08 1.74147 
12673.8 -6.51873e-08 10336.8 -3.98685 -1.69745e-08 1.73425 
12643.1 -6.53521e-08 10350.1 -3.99572 -1.70174e-08 1.727 
12612.4 -6.55172e-08 10363.3 -4.00459 -1.70604e-08 1.71972 
12581.6 -6.56826e-08 10376.5 -4.01347 -1.71035e-08 1.71242 
12550.7 -6.58482e-08 10389.6 -4.02235 -1.71466e-08 1.70508 
12519.8 -6.60141e-08 10402.7 -4.03124 -1.71898e-08 1.69771 
12488.8 -6.61802e-08 10415.7 -4.04013 -1.72331e-08 1.69031 
12457.7 -6.63467e-08 10428.7 -4.04902 -1.72764e-08 1.68288 
12426.6 -6.65134e-08 10441.6 -4.05792 -1.73198e-08 1.67542 
12395.4 -6.66804e-08 10454.4 -4.06681 -1.73633e-08 1.66793 
12364.1 -6.68476e-08 10467.2 -4.07572 -1.74068e-08 1.6604 
12332.8 -6.70152e-08 10479.9 -4.08462 -1.74505e-08 1.65285 
12301.4 -6.7183e-08 10492.6 -4.09353 -1.74942e-08 1.64527 
12269.9 -6.73511e-08 10505.2 -4.10244 -1.75379e-08 1.63765 
12238.4 -6.75195e-08 10517.7 -4.11136 -1.75818e-08 1.63 
12206.8 -6.76881e-08 10530.2 -4.12027 -1.76257e-08 1.62233 
12175.1 -6.78571e-08 10542.7 -4.1292 -1.76697e-08 1.61462 
12143.3 -6.80263e-08 10555 -4.13812 -1.77138e-08 1.60687 
12111.5 -6.81958e-08 10567.3 -4.14705 -1.77579e-08 1.5991 
12079.6 -6.83657e-08 10579.6 -4.15598 -1.78021e-08 1.59129 
12047.7 -6.85358e-08 10591.8 -4.16491 -1.78464e-08 1.58345 
12015.6 -6.87062e-08 10603.9 -4.17385 -1.78908e-08 1.57558 
11983.6 -6.88769e-08 10616 -4.18279 -1.79353e-08 1.56768 
11951.4 -6.90479e-08 10628 -4.19173 -1.79798e-08 1.55974 
11919.2 -6.92192e-08 10640 -4.20068 -1.80244e-08 1.55177 
11886.9 -6.93908e-08 10651.8 -4.20962 -1.80691e-08 1.54377 
11854.5 -6.95626e-08 10663.7 -4.21857 -1.81138e-08 1.53573 
11822.1 -6.97348e-08 10675.4 -4.22753 -1.81587e-08 1.52766 
11789.6 -6.99073e-08 10687.1 -4.23648 -1.82036e-08 1.51956 
11757 -7.00802e-08 10698.8 -4.24544 -1.82486e-08 1.51142 
11724.3 -7.02533e-08 10710.4 -4.25441 -1.82937e-08 1.50325 
11691.6 -7.04267e-08 10721.9 -4.26337 -1.83388e-08 1.49504 
11658.9 -7.06004e-08 10733.3 -4.27234 -1.83841e-08 1.4868 
11626 -7.07745e-08 10744.7 -4.28131 -1.84294e-08 1.47853 
11593.1 -7.09488e-08 10756 -4.29028 -1.84748e-08 1.47022 
11560.1 -7.11235e-08 10767.3 -4.29926 -1.85203e-08 1.46188 
11527 -7.12985e-08 10778.5 -4.30823 -1.85658e-08 1.4535 
11493.9 -7.14738e-08 10789.6 -4.31721 -1.86115e-08 1.44509 
11460.7 -7.16495e-08 10800.7 -4.3262 -1.86572e-08 1.43664 
11427.5 -7.18254e-08 10811.7 -4.33518 -1.8703e-08 1.42815 
11394.1 -7.20017e-08 10822.6 -4.34417 -1.87489e-08 1.41963 
11360.7 -7.21783e-08 10833.5 -4.35316 -1.87949e-08 1.41108 
11327.3 -7.23553e-08 10844.3 -4.36215 -1.8841e-08 1.40249 
11293.7 -7.25325e-08 10855 -4.37114 -1.88872e-08 1.39386 
11260.1 -7.27101e-08 10865.7 -4.38014 -1.89334e-08 1.38519 
11226.4 -7.28881e-08 10876.3 -4.38914 -1.89797e-08 1.37649 
11192.7 -7.30663e-08 10886.9 -4.39814 -1.90262e-08 1.36776 
11158.9 -7.32449e-08 10897.3 -4.40714 -1.90727e-08 1.35898 
11125 -7.34239e-08 10907.7 -4.41615 -1.91193e-08 1.35017 
11091 -7.36032e-08 10918.1 -4.42515 -1.9166e-08 1.34132 
11057 -7.37828e-08 10928.3 -4.43416 -1.92127e-08 1.33244 
11022.9 -7.39628e-08 10938.5 -4.44317 -1.92596e-08 1.32351 
10988.8 -7.41431e-08 10948.7 -4.45218 -1.93066e-08 1.31455 
10954.5 -7.43238e-08 10958.7 -4.4612 -1.93536e-08 1.30555 
10920.2 -7.45048e-08 10968.7 -4.47021 -1.94007e-08 1.29652 
10885.9 -7.46861e-08 10978.6 -4.47923 -1.9448e-08 1.28744 
10851.4 -7.48679e-08 10988.5 -4.48825 -1.94953e-08 1.27833 
10816.9 -7.505e-08 10998.3 -4.49727 -1.95427e-08 1.26917 
10782.4 -7.52324e-08 11008 -4.50629 -1.95902e-08 1.25998 
10747.7 -7.54152e-08 11017.6 -4.51532 -1.96378e-08 1.25075 
10713 -7.55984e-08 11027.2 -4.52434 -1.96855e-08 1.24148 
10678.2 -7.57819e-08 11036.7 -4.53337 -1.97333e-08 1.23217 
10643.4 -7.59658e-08 11046.1 -4.54239 -1.97812e-08 1.22282 
10608.4 -7.615e-08 11055.5 -4.55142 -1.98292e-08 1.21343 
10573.4 -7.63347e-08 11064.8 -4.56045 -1.98772e-08 1.204 
10538.4 -7.65197e-08 11074 -4.56948 -1.99254e-08 1.19453 
10503.2 -7.6705e-08 11083.1 -4.57851 -1.99737e-08 1.18502 
10468 -7.68908e-08 11092.2 -4.58755 -2.0022e-08 1.17547 
10432.8 -7.70769e-08 11101.2 -4.59658 -2.00705e-08 1.16588 
10397.4 -7.72634e-08 11110.1 -4.60561 -2.01191e-08 1.15624 
10362 -7.74503e-08 11118.9 -4.61465 -2.01677e-08 1.14657 
10326.5 -7.76376e-08 11127.7 -4.62369 -2.02165e-08 1.13685 
10291 -7.78253e-08 11136.4 -4.63272 -2.02654e-08 1.1271 
10255.4 -7.80133e-08 11145 -4.64176 -2.03144e-08 1.1173 
10219.7 -7.82018e-08 11153.6 -4.6508 -2.03634e-08 1.10745 
10183.9 -7.83906e-08 11162 -4.65983 -2.04126e-08 1.09757 
10148.1 -7.85799e-08 11170.4 -4.66887 -2.04619e-08 1.08764 
10112.2 -7.87695e-08 11178.7 -4.67791 -2.05113e-08 1.07767 
10076.3 -7.89596e-08 11187 -4.68695 -2.05607e-08 1.06766 
10040.2 -7.915e-08 11195.1 -4.69599 -2.06103e-08 1.0576 
10004.1 -7.93408e-08 11203.2 -4.70503 -2.066e-08 1.0475 
9967.95 -7.95321e-08 11211.2 -4.71407 -2.07098e-08 1.03735 
9931.71 -7.97238e-08 11219.2 -4.72311 -2.07597e-08 1.02717 
9895.4 -7.99158e-08 11227 -4.73214 -2.08098e-08 1.01693 
9859.02 -8.01083e-08 11234.8 -4.74118 -2.08599e-08 1.00666 
9822.57 -8.03012e-08 11242.5 -4.75022 -2.09101e-08 0.996335 
9786.05 -8.04946e-08 11250.1 -4.75926 -2.09605e-08 0.985968 
9749.46 -8.06883e-08 11257.6 -4.7683 -2.10109e-08 0.975556 
9712.8 -8.08825e-08 11265.1 -4.77733 -2.10615e-08 0.965099 
9676.07 -8.10771e-08 11272.4 -4.78637 -2.11121e-08 0.954595 
9639.28 -8.12721e-08 11279.7 -4.7954 -2.11629e-08 0.944046 
9602.41 -8.14676e-08 11286.9 -4.80444 -2.12138e-08 0.933451 
9565.48 -8.16635e-08 11294.1 -4.81347 -2.12648e-08 0.92281 
9528.47 -8.18598e-08 11301.1 -4.8225 -2.1316e-08 0.912121 
9491.4 -8.20566e-08 11308.1 -4.83153 -2.13672e-08 0.901386 
9454.25 -8.22538e-08 11315 -4.84056 -2.14186e-08 0.890604 
9417.04 -8.24515e-08 11321.8 -4.84959 -2.147e-08 0.879774 
9379.76 -8.26496e-08 11328.5 -4.85862 -2.15216e-08 0.868897 
9342.4 -8.28482e-08 11335.1 -4.86764 -2.15733e-08 0.857972 
9304.98 -8.30472e-08 11341.7 -4.87667 -2.16251e-08 0.846998 
9267.49 -8.32466e-08 11348.1 -4.88569 -2.16771e-08 0.835976 
9229.93 -8.34466e-08 11354.5 -4.89471 -2.17291e-08 0.824906 
9192.3 -8.36469e-08 11360.8 -4.90373 -2.17813e-08 0.813786 
9154.61 -8.38478e-08 11367 -4.91274 -2.18336e-08 0.802618 
9116.84 -8.40491e-08 11373.1 -4.92176 -2.1886e-08 0.791399 
9079 -8.42509e-08 11379.2 -4.93077 -2.19386e-08 0.780132 
9041.1 -8.44532e-08 11385.1 -4.93978 -2.19912e-08 0.768814 
9003.12 -8.46559e-08 11391 -4.94878 -2.2044e-08 0.757445 
8965.08 -8.48591e-08 11396.7 -4.95779 -2.2097e-08 0.746027 
8926.96 -8.50628e-08 11402.4 -4.96679 -2.215e-08 0.734557 
8888.78 -8.5267e-08 11408 -4.97578 -2.22032e-08 0.723036 
8850.53 -8.54716e-08 11413.5 -4.98478 -2.22565e-08 0.711464 
8812.21 -8.56768e-08 11419 -4.99377 -2.23099e-08 0.69984 
8773.82 -8.58824e-08 11424.3 -5.00276 -2.23634e-08 0.688165 
8735.36 -8.60886e-08 11429.5 -5.01175 -2.24171e-08 0.676437 
8696.83 -8.62952e-08 11434.7 -5.02073 -2.24709e-08 0.664656 
8658.24 -8.65023e-08 11439.7 -5.02971 -2.25248e-08 0.652823 
8619.57 -8.671e-08 11444.7 -5.03868 -2.25789e-08 0.640936 
8580.84 -8.69181e-08 11449.6 -5.04765 -2.26331e-08 0.628997 
8542.03 -8.71268e-08 11454.4 -5.05662 -2.26875e-08 0.617003 
8503.16 -8.7336e-08 11459.1 -5.06558 -2.27419e-08 0.604956 
8464.22 -8.75457e-08 11463.7 -5.07454 -2.27965e-08 0.592854 
8425.21 -8.77559e-08 11468.2 -5.08349 -2.28513e-08 0.580698 
8386.13 -8.79666e-08 11472.6 -5.09244 -2.29061e-08 0.568486 
8346.98 -8.81779e-08 11476.9 -5.10138 -2.29612e-08 0.55622 
8307.77 -8.83897e-08 11481.1 -5.11032 -2.30163e-08 0.543898 
8268.48 -8.8602e-08 11485.3 -5.11925 -2.30716e-08 0.53152 
8229.13 -8.88149e-08 11489.3 -5.12818 -2.3127e-08 0.519087 
8189.71 -8.90283e-08 11493.2 -5.13711 -2.31826e-08 0.506596 
8150.22 -8.92422e-08 11497.1 -5.14602 -2.32383e-08 0.494049 
8110.66 -8.94567e-08 11500.8 -5.15493 -2.32942e-08 0.481445 
8071.03 -8.96718e-08 11504.5 -5.16384 -2.33502e-08 0.468784 
8031.33 -8.98874e-08 11508 -5.17274 -2.34063e-08 0.456065 
7991.57 -9.01035e-08 11511.5 -5.18163 -2.34626e-08 0.443288 
7951.74 -9.03202e-08 11514.8 -5.19052 -2.3519e-08 0.430452 
7911.84 -9.05375e-08 11518.1 -5.1994 -2.35756e-08 0.417558 
7871.87 -9.07554e-08 11521.2 -5.20828 -2.36323e-08 0.404605 
7831.83 -9.09738e-08 11524.3 -5.21714 -2.36892e-08 0.391593 
7791.73 -9.11928e-08 11527.3 -5.226 -2.37462e-08 0.378521 
7751.55 -9.14124e-08 11530.1 -5.23485 -2.38034e-08 0.365389 
7711.31 -9.16325e-08 11532.9 -5.2437 -2.38607e-08 0.352196 
7671.01 -9.18533e-08 11535.5 -5.25254 -2.39182e-08 0.338943 
7630.63 -9.20746e-08 11538.1 -5.26137 -2.39758e-08 0.325629 
7590.18 -9.22966e-08 11540.5 -5.27019 -2.40336e-08 0.312253 
7549.67 -9.25191e-08 11542.9 -5.279 -2.40916e-08 0.298816 
7509.09 -9.27422e-08 11545.1 -5.28781 -2.41497e-08 0.285317 
7468.45 -9.2966e-08 11547.3 -5.2966 -2.42079e-08 0.271755 
7427.73 -9.31903e-08 11549.3 -5.30539 -2.42664e-08 0.258131 
7386.95 -9.34153e-08 11551.2 -5.31417 -2.43249e-08 0.244443 
7346.1 -9.36408e-08 11553 -5.32294 -2.43837e-08 0.230692 
7305.18 -9.3867e-08 11554.8 -5.33169 -2.44426e-08 0.216877 
7264.2 -9.40939e-08 11556.4 -5.34044 -2.45016e-08 0.202998 
7223.15 -9.43213e-08 11557.9 -5.34918 -2.45609e-08 0.189054 
7182.03 -9.45494e-08 11559.3 -5.35791 -2.46203e-08 0.175045 
7140.84 -9.47782e-08 11560.6 -5.36663 -2.46798e-08 0.160971 
7099.59 -9.50075e-08 11561.8 -5.37534 -2.47396e-08 0.146831 
7058.27 -9.52376e-08 11562.8 -5.38404 -2.47995e-08 0.132626 
7016.88 -9.54682e-08 11563.8 -5.39272 -2.48595e-08 0.118353 
6975.43 -9.56996e-08 11564.6 -5.4014 -2.49198e-08 0.104014 
6933.91 -9.59315e-08 11565.4 -5.41006 -2.49802e-08 0.0896079 
6892.33 -9.61642e-08 11566 -5.41871 -2.50407e-08 0.075134 
6850.67 -9.63975e-08 11566.5 -5.42735 -2.51015e-08 0.0605921 
6808.96 -9.66315e-08 11566.9 -5.43598 -2.51624e-08 0.0459818 
6767.17 -9.68662e-08 11567.2 -5.44459 -2.52235e-08 0.0313027 
6725.32 -9.71015e-08 11567.4 -5.4532 -2.52848e-08 0.0165545 
6683.4 -9.73376e-08 11567.5 -5.46178 -2.53463e-08 0.00173665 
6641.42 -9.75743e-08 11567.5 -5.47036 -2.54079e-08 -0.0131512 
6599.37 -9.78117e-08 11567.3 -5.47892 -2.54698e-08 -0.0281093 
6557.26 -9.80499e-08 11567 -5.48747 -2.55318e-08 -0.0431383 
6515.08 -9.82887e-08 11566.6 -5.496 -2.5594e-08 -0.0582385 
6472.83 -9.85283e-08 11566.1 -5.50452 -2.56563e-08 -0.0734102 
6430.52 -9.87685e-08 11565.5 -5.51302 -2.57189e-08 -0.088654 
6388.15 -9.90095e-08 11564.8 -5.52151 -2.57817e-08 -0.10397 
6345.7 -9.92512e-08 11563.9 -5.52998 -2.58446e-08 -0.119359 
6303.2 -9.94937e-08 11562.9 -5.53844 -2.59077e-08 -0.134822 
6260.63 -9.97369e-08 11561.8 -5.54688 -2.59711e-08 -0.150358 
6217.99 -9.99808e-08 11560.6 -5.5553 -2.60346e-08 -0.165968 
6175.29 -1.00225e-07 11559.3 -5.56371 -2.60983e-08 -0.181653 
6132.53 -1.00471e-07 11557.8 -5.5721 -2.61622e-08 -0.197413 
6089.7 -1.00717e-07 11556.3 -5.58048 -2.62263e-08 -0.213248 
6046.8 -1.00964e-07 11554.6 -5.58883 -2.62906e-08 -0.229159 
6003.85 -1.01212e-07 11552.7 -5.59717 -2.63551e-08 -0.245146 
5960.82 -1.0146e-07 11550.8 -5.60549 -2.64198e-08 -0.261211 
5917.74 -1.01709e-07 11548.7 -5.61379 -2.64847e-08 -0.277352 
5874.59 -1.01959e-07 11546.5 -5.62207 -2.65498e-08 -0.293571 
5831.38 -1.0221e-07 11544.2 -5.63033 -2.66151e-08 -0.309868 
5788.1 -1.02462e-07 11541.8 -5.63857 -2.66806e-08 -0.326244 
5744.76 -1.02714e-07 11539.2 -5.6468 -2.67464e-08 -0.342699 
5701.36 -1.02968e-07 11536.5 -5.655 -2.68123e-08 -0.359233 
5657.89 -1.03222e-07 11533.7 -5.66318 -2.68785e-08 -0.375847 
5614.37 -1.03476e-07 11530.7 -5.67134 -2.69448e-08 -0.392542 
5570.77 -1.03732e-07 11527.7 -5.67947 -2.70114e-08 -0.409317 
5527.12 -1.03989e-07 11524.4 -5.68759 -2.70782e-08 -0.426174 
5483.41 -1.04246e-07 11521.1 -5.69568 -2.71452e-08 -0.443113 
5439.63 -1.04504e-07 11517.6 -5.70375 -2.72125e-08 -0.460134 
5395.79 -1.04763e-07 11514 -5.7118 -2.72799e-08 -0.477237 
5351.89 -1.05023e-07 11510.3 -5.71982 -2.73476e-08 -0.494424 
5307.93 -1.05284e-07 11506.4 -5.72782 -2.74155e-08 -0.511695 
5263.9 -1.05546e-07 11502.4 -5.73579 -2.74836e-08 -0.52905 
5219.82 -1.05808e-07 11498.3 -5.74374 -2.7552e-08 -0.54649 
5175.67 -1.06071e-07 11494.1 -5.75167 -2.76205e-08 -0.564015 
5131.47 -1.06336e-07 11489.7 -5.75956 -2.76894e-08 -0.581626 
5087.2 -1.06601e-07 11485.1 -5.76744 -2.77584e-08 -0.599323 
5042.87 -1.06867e-07 11480.4 -5.77528 -2.78277e-08 -0.617106 
4998.48 -1.07134e-07 11475.6 -5.7831 -2.78972e-08 -0.634977 
4954.04 -1.07402e-07 11470.7 -5.79089 -2.79669e-08 -0.652936 
4909.53 -1.0767e-07 11465.6 -5.79865 -2.80369e-08 -0.670983 
4864.96 -1.0794e-07 11460.4 -5.80638 -2.81072e-08 -0.689119 
4820.34 -1.08211e-07 11455 -5.81408 -2.81776e-08 -0.707344 
4775.65 -1.08482e-07 11449.5 -5.82175 -2.82484e-08 -0.725658 
4730.91 -1.08755e-07 11443.9 -5.8294 -2.83193e-08 -0.744064 
4686.1 -1.09028e-07 11438.1 -5.83701 -2.83905e-08 -0.762559 
4641.24 -1.09303e-07 11432.2 -5.84459 -2.8462e-08 -0.781147 
4596.32 -1.09578e-07 11426.1 -5.85214 -2.85337e-08 -0.799826 
4551.35 -1.09855e-07 11419.9 -5.85965 -2.86057e-08 -0.818598 
4506.31 -1.10132e-07 11413.5 -5.86714 -2.86779e-08 -0.837462 
4461.22 -1.1041e-07 11407 -5.87459 -2.87504e-08 -0.856421 
4416.07 -1.1069e-07 11400.4 -5.882 -2.88231e-08 -0.875473 
4370.87 -1.1097e-07 11393.6 -5.88938 -2.88962e-08 -0.89462 
4325.6 -1.11252e-07 11386.6 -5.89673 -2.89694e-08 -0.913862 
4280.28 -1.11534e-07 11379.5 -5.90404 -2.9043e-08 -0.933199 
4234.91 -1.11817e-07 11372.3 -5.91131 -2.91168e-08 -0.952633 
4189.48 -1.12102e-07 11364.9 -5.91855 -2.91908e-08 -0.972164 
4143.99 -1.12387e-07 11357.3 -5.92575 -2.92652e-08 -0.991792 
4098.45 -1.12674e-07 11349.7 -5.93291 -2.93398e-08 -1.01152 
4052.86 -1.12962e-07 11341.8 -5.94003 -2.94147e-08 -1.03134 
4007.21 -1.1325e-07 11333.8 -5.94711 -2.94899e-08 -1.05127 
3961.5 -1.1354e-07 11325.7 -5.95415 -2.95653e-08 -1.07129 
3915.74 -1.13831e-07 11317.4 -5.96115 -2.96411e-08 -1.09141 
3869.93 -1.14123e-07 11308.9 -5.96811 -2.97171e-08 -1.11164 
3824.07 -1.14416e-07 11300.3 -5.97503 -2.97934e-08 -1.13196 
3778.15 -1.1471e-07 11291.5 -5.9819 -2.987e-08 -1.15239 
3732.18 -1.15005e-07 11282.6 -5.98873 -2.99469e-08 -1.17292 
3686.15 -1.15302e-07 11273.5 -5.99552 -3.00241e-08 -1.19355 
3640.08 -1.15599e-07 11264.2 -6.00226 -3.01016e-08 -1.21429 
3593.95 -1.15898e-07 11254.8 -6.00896 -3.01794e-08 -1.23513 
3547.77 -1.16198e-07 11245.3 -6.0156 -3.02574e-08 -1.25607 
3501.55 -1.16499e-07 11235.5 -6.0222 -3.03358e-08 -1.27713 
3455.27 -1.16801e-07 11225.6 -6.02876 -3.04145e-08 -1.29828 
3408.94 -1.17105e-07 11215.6 -6.03526 -3.04935e-08 -1.31955 
3362.56 -1.17409e-07 11205.4 -6.04172 -3.05728e-08 -1.34092 
3316.13 -1.17715e-07 11195 -6.04812 -3.06525e-08 -1.3624 
3269.65 -1.18022e-07 11184.4 -6.05447 -3.07324e-08 -1.38398 
3223.12 -1.1833e-07 11173.7 -6.06077 -3.08127e-08 -1.40568 
3176.55 -1.1864e-07 11162.9 -6.06702 -3.08933e-08 -1.42748 
3129.93 -1.1895e-07 11151.8 -6.07321 -3.09742e-08 -1.4494 
3083.26 -1.19262e-07 11140.6 -6.07935 -3.10554e-08 -1.47143 
3036.54 -1.19576e-07 11129.2 -6.08544 -3.1137e-08 -1.49356 
2989.78 -1.1989e-07 11117.6 -6.09146 -3.12189e-08 -1.51581 
2942.97 -1.20206e-07 11105.9 -6.09743 -3.13011e-08 -1.53818 
2896.12 -1.20523e-07 11094 -6.10334 -3.13836e-08 -1.56065 
2849.22 -1.20841e-07 11081.9 -6.1092 -3.14666e-08 -1.58324 
2802.27 -1.21161e-07 11069.7 -6.11499 -3.15498e-08 -1.60594 
2755.28 -1.21482e-07 11057.3 -6.12072 -3.16334e-08 -1.62876 
2708.25 -1.21804e-07 11044.7 -6.12639 -3.17173e-08 -1.6517 
2661.17 -1.22128e-07 11031.9 -6.132 -3.18016e-08 -1.67475 
2614.05 -1.22453e-07 11019 -6.13754 -3.18863e-08 -1.69792 
2566.89 -1.2278e-07 11005.8 -6.14302 -3.19713e-08 -1.7212 
2519.69 -1.23107e-07 10992.5 -6.14843 -3.20566e-08 -1.74461 
2472.45 -1.23437e-07 10979 -6.15377 -3.21424e-08 -1.76813 
2425.16 -1.23767e-07 10965.4 -6.15905 -3.22285e-08 -1.79177 
2377.84 -1.24099e-07 10951.5 -6.16426 -3.23149e-08 -1.81553 
2330.47 -1.24433e-07 10937.5 -6.16939 -3.24018e-08 -1.83941 
2283.07 -1.24768e-07 10923.2 -6.17446 -3.2489e-08 -1.86342 
2235.62 -1.25104e-07 10908.8 -6.17945 -3.25765e-08 -1.88754 
2188.14 -1.25442e-07 10894.2 -6.18437 -3.26645e-08 -1.91179 
2140.62 -1.25781e-07 10879.5 -6.18922 -3.27529e-08 -1.93616 
2093.07 -1.26122e-07 10864.5 -6.19399 -3.28416e-08 -1.96066 
2045.48 -1.26464e-07 10849.4 -6.19868 -3.29307e-08 -1.98528 
1997.85 -1.26808e-07 10834 -6.20329 -3.30203e-08 -2.01002 
1950.19 -1.27153e-07 10818.5 -6.20783 -3.31102e-08 -2.03489 
1902.49 -1.275e-07 10802.7 -6.21228 -3.32005e-08 -2.05989 
1854.76 -1.27849e-07 10786.8 -6.21665 -3.32913e-08 -2.08501 
1807 -1.28199e-07 10770.7 -6.22094 -3.33824e-08 -2.11026 
1759.2 -1.2855e-07 10754.4 -6.22515 -3.3474e-08 -2.13564 
1711.37 -1.28904e-07 10737.9 -6.22926 -3.35659e-08 -2.16114 
1663.51 -1.29258e-07 10721.2 -6.2333 -3.36583e-08 -2.18678 
1615.62 -1.29615e-07 10704.3 -6.23724 -3.37511e-08 -2.21255 
1567.7 -1.29973e-07 10687.2 -6.24109 -3.38443e-08 -2.23844 
1519.75 -1.30333e-07 10669.9 -6.24486 -3.3938e-08 -2.26447 
1471.77 -1.30694e-07 10652.4 -6.24853 -3.40321e-08 -2.29063 
1423.76 -1.31057e-07 10634.7 -6.2521 -3.41266e-08 -2.31692 
1375.73 -1.31422e-07 10616.9 -6.25558 -3.42216e-08 -2.34334 
1327.67 -1.31788e-07 10598.8 -6.25897 -3.4317e-08 -2.3699 
1279.59 -1.32156e-07 10580.4 -6.26225 -3.44129e-08 -2.39659 
1231.47 -1.32526e-07 10561.9 -6.26544 -3.45092e-08 -2.42342 
1183.34 -1.32898e-07 10543.2 -6.26852 -3.4606e-08 -2.45038 
1135.18 -1.33271e-07 10524.3 -6.27151 -3.47032e-08 -2.47748 
1087 -1.33646e-07 10505.2 -6.27438 -3.48009e-08 -2.50471 
1038.8 -1.34023e-07 10485.8 -6.27715 -3.48991e-08 -2.53208 
990.578 -1.34402e-07 10466.3 -6.27982 -3.49977e-08 -2.55959 
942.336 -1.34783e-07 10446.5 -6.28237 -3.50969e-08 -2.58723 
894.074 -1.35165e-07 10426.5 -6.28482 -3.51965e-08 -2.61502 
845.794 -1.3555e-07 10406.3 -6.28715 -3.52965e-08 -2.64294 
797.496 -1.35936e-07 10385.9 -6.28937 -3.53971e-08 -2.671 
749.182 -1.36324e-07 10365.3 -6.29147 -3.54982e-08 -2.69921 
700.851 -1.36714e-07 10344.5 -6.29345 -3.55997e-08 -2.72755 
652.507 -1.37106e-07 10323.4 -6.29532 -3.57018e-08 -2.75604 
604.148 -1.375e-07 10302.1 -6.29706 -3.58044e-08 -2.78466 
555.776 -1.37896e-07 10280.6 -6.29869 -3.59074e-08 -2.81343 
507.393 -1.38294e-07 10258.9 -6.30018 -3.6011e-08 -2.84234 
458.998 -1.38693e-07 10237 -6.30155 -3.61151e-08 -2.8714 
410.594 -1.39095e-07 10214.8 -6.30279 -3.62198e-08 -2.90059 
362.18 -1.39499e-07 10192.4 -6.3039 -3.63249e-08 -2.92994 
313.758 -1.39905e-07 10169.8 -6.30488 -3.64306e-08 -2.95942 
265.33 -1.40313e-07 10146.9 -6.30573 -3.65369e-08 -2.98905 
216.895 -1.40723e-07 10123.9 -6.30644 -3.66436e-08 -3.01883 
168.456 -1.41135e-07 10100.6 -6.30701 -3.6751e-08 -3.04875 
120.012 -1.41549e-07 10077 -6.30744 -3.68588e-08 -3.07882 
71.566 -1.41966e-07 10053.3 -6.30772 -3.69673e-08 -3.10904 
23.1182 -1.42384e-07 10029.3 -6.30787 -3.70763e-08 -3.1394 
-25.3301 -1.42805e-07 10005.1 -6.30786 -3.71858e-08 -3.16991 
-73.7779 -1.43228e-07 9980.59 -6.30771 -3.7296e-08 -3.20057 
-122.224 -1.43653e-07 9955.89 -6.30741 -3.74067e-08 -3.23137 
-170.667 -1.44081e-07 9930.95 -6.30695 -3.7518e-08 -3.26233 
-219.106 -1.4451e-07 9905.77 -6.30634 -3.76298e-08 -3.29343 
-267.54 -1.44942e-07 9880.36 -6.30557 -3.77423e-08 -3.32468 
-315.967 -1.45376e-07 9854.7 -6.30464 -3.78554e-08 -3.35608 
-364.386 -1.45813e-07 9828.8 -6.30355 -3.7969e-08 -3.38763 
-412.797 -1.46252e-07 9802.66 -6.3023 -3.80833e-08 -3.41933 
-461.197 -1.46693e-07 9776.28 -6.30088 -3.81982e-08 -3.45118 
-509.585 -1.47136e-07 9749.65 -6.29928 -3.83137e-08 -3.48319 
-557.961 -1.47582e-07 9722.77 -6.29752 -3.84298e-08 -3.51534 
-606.322 -1.48031e-07 9695.65 -6.29558 -3.85465e-08 -3.54764 
-654.668 -1.48481e-07 9668.28 -6.29347 -3.86639e-08 -3.58009 
-702.997 -1.48935e-07 9640.65 -6.29118 -3.87819e-08 -3.61269 
-751.308 -1.4939e-07 9612.78 -6.2887 -3.89006e-08 -3.64545 
-799.599 -1.49849e-07 9584.66 -6.28605 -3.90199e-08 -3.67835 
-847.869 -1.50309e-07 9556.28 -6.2832 -3.91398e-08 -3.71141 
-896.116 -1.50772e-07 9527.64 -6.28017 -3.92605e-08 -3.74462 
-944.339 -1.51238e-07 9498.75 -6.27694 -3.93817e-08 -3.77798 
-992.537 -1.51707e-07 9469.61 -6.27352 -3.95037e-08 -3.81149 
-1040.71 -1.52178e-07 9440.2 -6.2699 -3.96263e-08 -3.84515 
-1088.85 -1.52651e-07 9410.54 -6.26608 -3.97496e-08 -3.87896 
-1136.96 -1.53127e-07 9380.62 -6.26205 -3.98736e-08 -3.91292 
-1185.04 -1.53606e-07 9350.43 -6.25783 -3.99983e-08 -3.94704 
-1233.09 -1.54088e-07 9319.99 -6.25339 -4.01237e-08 -3.9813 
-1281.1 -1.54572e-07 9289.28 -6.24874 -4.02498e-08 -4.01572 
-1329.08 -1.55059e-07 9258.3 -6.24387 -4.03766e-08 -4.05028 
-1377.01 -1.55549e-07 9227.06 -6.23879 -4.05041e-08 -4.085 
-1424.91 -1.56041e-07 9195.55 -6.23349 -4.06324e-08 -4.11986 
-1472.77 -1.56536e-07 9163.77 -6.22796 -4.07614e-08 -4.15488 
-1520.58 -1.57035e-07 9131.72 -6.22221 -4.08911e-08 -4.19004 
-1568.35 -1.57535e-07 9099.41 -6.21623 -4.10215e-08 -4.22535 
-1616.07 -1.58039e-07 9066.82 -6.21001 -4.11527e-08 -4.26081 
-1663.74 -1.58546e-07 9033.96 -6.20356 -4.12846e-08 -4.29642 
-1711.36 -1.59055e-07 9000.82 -6.19687 -4.14173e-08 -4.33218 
-1758.93 -1.59568e-07 8967.41 -6.18993 -4.15507e-08 -4.36808 
-1806.45 -1.60083e-07 8933.72 -6.18275 -4.16849e-08 -4.40413 
-1853.91 -1.60602e-07 8899.75 -6.17532 -4.18199e-08 -4.44032 
-1901.31 -1.61123e-07 8865.51 -6.16764 -4.19557e-08 -4.47666 
-1948.65 -1.61647e-07 8830.99 -6.1597 -4.20922e-08 -4.51314 
-1995.93 -1.62175e-07 8796.18 -6.15151 -4.22295e-08 -4.54977 
-2043.14 -1.62705e-07 8761.1 -6.14305 -4.23676e-08 -4.58654 
-2090.29 -1.63239e-07 8725.73 -6.13432 -4.25066e-08 -4.62345 
-2137.37 -1.63775e-07 8690.07 -6.12533 -4.26463e-08 -4.6605 
-2184.38 -1.64315e-07 8654.14 -6.11606 -4.27868e-08 -4.69769 
-2231.32 -1.64858e-07 8617.91 -6.10652 -4.29282e-08 -4.73502 
-2278.18 -1.65404e-07 8581.4 -6.0967 -4.30703e-08 -4.77249 
-2324.97 -1.65953e-07 8544.6 -6.08659 -4.32133e-08 -4.81009 
-2371.68 -1.66505e-07 8507.51 -6.07619 -4.33571e-08 -4.84783 
-2418.31 -1.67061e-07 8470.13 -6.06551 -4.35018e-08 -4.8857 
-2464.85 -1.67619e-07 8432.46 -6.05453 -4.36473e-08 -4.92371 
-2511.31 -1.68181e-07 8394.5 -6.04325 -4.37936e-08 -4.96185 
-2557.69 -1.68747e-07 8356.24 -6.03167 -4.39408e-08 -5.00012 
-2603.97 -1.69315e-07 8317.69 -6.01978 -4.40888e-08 -5.03852 
-2650.16 -1.69887e-07 8278.84 -6.00758 -4.42377e-08 -5.07704 
-2696.25 -1.70462e-07 8239.7 -5.99508 -4.43875e-08 -5.11569 
-2742.25 -1.71041e-07 8200.26 -5.98225 -4.45381e-08 -5.15446 
-2788.14 -1.71622e-07 8160.52 -5.9691 -4.46896e-08 -5.19336 
-2833.94 -1.72208e-07 8120.48 -5.95563 -4.4842e-08 -5.23237 
-2879.63 -1.72796e-07 8080.14 -5.94183 -4.49953e-08 -5.27151 
-2925.21 -1.73388e-07 8039.5 -5.92769 -4.51494e-08 -5.31076 
-2970.68 -1.73983e-07 7998.56 -5.91322 -4.53045e-08 -5.35012 
-3016.04 -1.74582e-07 7957.32 -5.89841 -4.54604e-08 -5.3896 
-3061.29 -1.75184e-07 7915.77 -5.88325 -4.56172e-08 -5.42919 
-3106.42 -1.7579e-07 7873.92 -5.86774 -4.57749e-08 -5.46888 
-3151.42 -1.76399e-07 7831.76 -5.85189 -4.59335e-08 -5.50868 
-3196.31 -1.77012e-07 7789.3 -5.83567 -4.6093e-08 -5.54859 
-3241.07 -1.77628e-07 7746.53 -5.8191 -4.62534e-08 -5.58859 
-3285.7 -1.78247e-07 7703.45 -5.80215 -4.64147e-08 -5.62869 
-3330.19 -1.7887e-07 7660.07 -5.78484 -4.6577e-08 -5.66889 
-3374.56 -1.79497e-07 7616.37 -5.76716 -4.67401e-08 -5.70918 
-3418.78 -1.80127e-07 7572.37 -5.7491 -4.69041e-08 -5.74955 
-3462.87 -1.8076e-07 7528.05 -5.73066 -4.70691e-08 -5.79002 
-3506.81 -1.81397e-07 7483.42 -5.71183 -4.7235e-08 -5.83057 
-3550.61 -1.82038e-07 7438.49 -5.69262 -4.74017e-08 -5.8712 
-3594.26 -1.82682e-07 7393.24 -5.67301 -4.75694e-08 -5.9119 
-3637.75 -1.83329e-07 7347.67 -5.653 -4.7738e-08 -5.95268 
-3681.09 -1.8398e-07 7301.8 -5.63259 -4.79075e-08 -5.99353 
-3724.28 -1.84635e-07 7255.6 -5.61178 -4.8078e-08 -6.03445 
-3767.3 -1.85293e-07 7209.1 -5.59056 -4.82493e-08 -6.07543 
-3810.15 -1.85954e-07 7162.28 -5.56892 -4.84215e-08 -6.11646 
-3852.84 -1.86619e-07 7115.14 -5.54686 -4.85947e-08 -6.15756 
-3895.36 -1.87287e-07 7067.69 -5.52438 -4.87687e-08 -6.1987 
-3937.7 -1.87959e-07 7019.92 -5.50148 -4.89436e-08 -6.2399 
-3979.87 -1.88634e-07 6971.84 -5.47814 -4.91195e-08 -6.28113 
-4021.85 -1.89313e-07 6923.44 -5.45437 -4.92962e-08 -6.32241 
-4063.65 -1.89995e-07 6874.72 -5.43017 -4.94738e-08 -6.36372 
-4105.26 -1.90681e-07 6825.68 -5.40552 -4.96523e-08 -6.40506 
-4146.68 -1.91369e-07 6776.33 -5.38042 -4.98316e-08 -6.44642 
-4187.91 -1.92061e-07 6726.66 -5.35488 -5.00118e-08 -6.4878 
-4228.94 -1.92757e-07 6676.67 -5.32888 -5.01929e-08 -6.52921 
-4269.77 -1.93455e-07 6626.36 -5.30242 -5.03748e-08 -6.57062 
-4310.39 -1.94157e-07 6575.73 -5.27551 -5.05575e-08 -6.61203 
-4350.81 -1.94862e-07 6524.79 -5.24813 -5.07411e-08 -6.65345 
-4391.01 -1.9557e-07 6473.53 -5.22027 -5.09255e-08 -6.69486 
-4430.99 -1.96282e-07 6421.95 -5.19195 -5.11107e-08 -6.73626 
-4470.76 -1.96996e-07 6370.05 -5.16315 -5.12967e-08 -6.77765 
-4510.31 -1.97713e-07 6317.84 -5.13387 -5.14835e-08 -6.81901 
-4549.62 -1.98433e-07 6265.3 -5.10411 -5.16711e-08 -6.86035 
-4588.71 -1.99157e-07 6212.45 -5.07386 -5.18594e-08 -6.90165 
-4627.56 -1.99883e-07 6159.29 -5.04312 -5.20484e-08 -6.94291 
-4666.18 -2.00611e-07 6105.8 -5.01189 -5.22382e-08 -6.98413 
-4704.55 -2.01343e-07 6052 -4.98016 -5.24286e-08 -7.02529 
-4742.68 -2.02077e-07 5997.89 -4.94794 -5.26198e-08 -7.0664 
-4780.55 -2.02813e-07 5943.45 -4.91521 -5.28116e-08 -7.10744 
-4818.18 -2.03553e-07 5888.71 -4.88197 -5.3004e-08 -7.1484 
-4855.55 -2.04294e-07 5833.65 -4.84823 -5.31971e-08 -7.18929 
-4892.65 -2.05038e-07 5778.27 -4.81398 -5.33908e-08 -7.23009 
-4929.49 -2.05784e-07 5722.58 -4.77921 -5.3585e-08 -7.2708 
-4966.07 -2.06532e-07 5666.58 -4.74393 -5.37798e-08 -7.31141 
-5002.36 -2.07282e-07 5610.27 -4.70812 -5.39751e-08 -7.35191 
-5038.39 -2.08034e-07 5553.65 -4.6718 -5.41709e-08 -7.3923 
-5074.13 -2.08787e-07 5496.72 -4.63496 -5.43672e-08 -7.43256 
-5109.58 -2.09543e-07 5439.48 -4.59758 -5.45639e-08 -7.47269 
-5144.75 -2.103e-07 5381.93 -4.55969 -5.4761e-08 -7.51268 
-5179.62 -2.11058e-07 5324.07 -4.52126 -5.49584e-08 -7.55253 
-5214.2 -2.11818e-07 5265.91 -4.4823 -5.51562e-08 -7.59222 
-5248.48 -2.12578e-07 5207.45 -4.44281 -5.53543e-08 -7.63176 
-5282.45 -2.1334e-07 5148.68 -4.40279 -5.55526e-08 -7.67111 
-5316.11 -2.14102e-07 5089.61 -4.36223 -5.57511e-08 -7.71029 
-5349.45 -2.14866e-07 5030.24 -4.32113 -5.59499e-08 -7.74929 
-5382.48 -2.15629e-07 4970.57 -4.2795 -5.61487e-08 -7.78808 
-5415.19 -2.16393e-07 4910.61 -4.23733 -5.63476e-08 -7.82667 
-5447.57 -2.17157e-07 4850.34 -4.19462 -5.65466e-08 -7.86505 
-5479.62 -2.17921e-07 4789.79 -4.15137 -5.67456e-08 -7.9032 
-5511.34 -2.18685e-07 4728.94 -4.10759 -5.69445e-08 -7.94112 
-5542.72 -2.19449e-07 4667.81 -4.06326 -5.71432e-08 -7.9788 
-5573.76 -2.20211e-07 4606.38 -4.0184 -5.73419e-08 -8.01623 
-5604.45 -2.20973e-07 4544.67 -3.97299 -5.75403e-08 -8.0534 
-5634.79 -2.21734e-07 4482.67 -3.92705 -5.77384e-08 -8.0903 
-5664.77 -2.22494e-07 4420.39 -3.88057 -5.79362e-08 -8.12692 
-5694.39 -2.23252e-07 4357.83 -3.83355 -5.81336e-08 -8.16326 
-5723.66 -2.24008e-07 4294.99 -3.786 -5.83305e-08 -8.19929 
-5752.55 -2.24762e-07 4231.88 -3.73791 -5.85269e-08 -8.23502 
-5781.07 -2.25514e-07 4168.49 -3.68929 -5.87227e-08 -8.27043 
-5809.22 -2.26264e-07 4104.84 -3.64014 -5.89179e-08 -8.30552 
-5836.99 -2.2701e-07 4040.91 -3.59046 -5.91123e-08 -8.34027 
-5864.37 -2.27754e-07 3976.72 -3.54025 -5.93059e-08 -8.37467 
-5891.37 -2.28494e-07 3912.27 -3.48952 -5.94987e-08 -8.40871 
-5917.98 -2.29231e-07 3847.55 -3.43827 -5.96905e-08 -8.44239 
-5944.19 -2.29964e-07 3782.58 -3.3865 -5.98812e-08 -8.47569 
-5970 -2.30692e-07 3717.36 -3.33421 -6.00709e-08 -8.50861 
-5995.4 -2.31416e-07 3651.88 -3.28141 -6.02594e-08 -8.54112 
-6020.4 -2.32135e-07 3586.16 -3.2281 -6.04466e-08 -8.57324 
-6044.99 -2.32849e-07 3520.19 -3.17429 -6.06325e-08 -8.60493 
-6069.16 -2.33557e-07 3453.98 -3.11997 -6.08169e-08 -8.6362 
-6092.91 -2.34259e-07 3387.53 -3.06516 -6.09999e-08 -8.66703 
-6116.24 -2.34956e-07 3320.84 -3.00986 -6.11812e-08 -8.69742 
-6139.15 -2.35645e-07 3253.92 -2.95407 -6.13608e-08 -8.72735 
-6161.62 -2.36328e-07 3186.78 -2.8978 -6.15386e-08 -8.75681 
-6183.66 -2.37004e-07 3119.41 -2.84105 -6.17145e-08 -8.7858 
-6205.26 -2.37672e-07 3051.82 -2.78383 -6.18884e-08 -8.8143 
-6226.42 -2.38332e-07 2984.01 -2.72615 -6.20603e-08 -8.8423 
-6247.14 -2.38984e-07 2915.99 -2.66801 -6.223e-08 -8.8698 
-6267.4 -2.39627e-07 2847.76 -2.60942 -6.23975e-08 -8.89679 
-6287.22 -2.40261e-07 2779.33 -2.55038 -6.25626e-08 -8.92325 
-6306.58 -2.40885e-07 2710.69 -2.49091 -6.27252e-08 -8.94918 
-6325.48 -2.415e-07 2641.86 -2.431 -6.28853e-08 -8.97456 
-6343.92 -2.42105e-07 2572.83 -2.37068 -6.30427e-08 -8.99939 
-6361.9 -2.42699e-07 2503.62 -2.30993 -6.31973e-08 -9.02366 
-6379.4 -2.43282e-07 2434.22 -2.24878 -6.33491e-08 -9.04736 
-6396.44 -2.43853e-07 2364.64 -2.18723 -6.3498e-08 -9.07048 
-6413 -2.44413e-07 2294.89 -2.12529 -6.36438e-08 -9.09301 
-6429.09 -2.44961e-07 2224.97 -2.06297 -6.37865e-08 -9.11494 
-6444.69 -2.45496e-07 2154.87 -2.00028 -6.39259e-08 -9.13627 
-6459.81 -2.46019e-07 2084.62 -1.93722 -6.40619e-08 -9.15699 
-6474.45 -2.46528e-07 2014.21 -1.87381 -6.41945e-08 -9.17708 
-6488.6 -2.47024e-07 1943.65 -1.81006 -6.43236e-08 -9.19655 
-6502.25 -2.47505e-07 1872.95 -1.74597 -6.4449e-08 -9.21537 
-6515.41 -2.47973e-07 1802.1 -1.68156 -6.45707e-08 -9.23356 
-6528.08 -2.48426e-07 1731.11 -1.61683 -6.46886e-08 -9.25109 
-6540.25 -2.48863e-07 1659.99 -1.55181 -6.48026e-08 -9.26796 
-6551.92 -2.49286e-07 1588.74 -1.48649 -6.49125e-08 -9.28417 
-6563.08 -2.49692e-07 1517.37 -1.42089 -6.50184e-08 -9.29971 
-6573.74 -2.50083e-07 1445.89 -1.35502 -6.51201e-08 -9.31456 
-6583.9 -2.50457e-07 1374.29 -1.2889 -6.52176e-08 -9.32874 
-6593.54 -2.50815e-07 1302.59 -1.22253 -6.53107e-08 -9.34222 
-6602.68 -2.51155e-07 1230.79 -1.15592 -6.53994e-08 -9.35501 
-6611.3 -2.51479e-07 1158.89 -1.0891 -6.54836e-08 -9.36709 
-6619.41 -2.51785e-07 1086.9 -1.02206 -6.55633e-08 -9.37847 
-6627 -2.52073e-07 1014.82 -0.954827 -6.56383e-08 -9.38914 
-6634.07 -2.52343e-07 942.672 -0.887408 -6.57086e-08 -9.39909 
-6640.63 -2.52595e-07 870.445 -0.819817 -6.57742e-08 -9.40832 
-6646.67 -2.52828e-07 798.15 -0.752066 -6.5835e-08 -9.41683 
-6652.18 -2.53043e-07 725.793 -0.684169 -6.58909e-08 -9.42461 
-6657.18 -2.53239e-07 653.379 -0.616137 -6.59419e-08 -9.43166 
-6661.65 -2.53415e-07 580.913 -0.547985 -6.59879e-08 -9.43798 
-6665.59 -2.53573e-07 508.402 -0.479726 -6.60289e-08 -9.44355 
-6669.02 -2.53711e-07 435.851 -0.411372 -6.60649e-08 -9.44839 
-6671.91 -2.5383e-07 363.265 -0.342937 -6.60958e-08 -9.45249 
-6674.28 -2.53929e-07 290.651 -0.274435 -6.61216e-08 -9.45585 
-6676.13 -2.54008e-07 218.013 -0.205879 -6.61423e-08 -9.45846 
-6677.45 -2.54068e-07 145.359 -0.137282 -6.61578e-08 -9.46033 
-6678.24 -2.54108e-07 72.6932 -0.0686585 -6.61682e-08 -9.46145 
-6678.5 -2.54127e-07 0.0215416 -2.11114e-05 -6.61733e-08 -9.46182 
