20032.5 -2.47423e-08 244.951 -0.077124 -6.44264e-10 3.15348 
20023.7 -7.33019e-08 487.109 -0.153404 -1.90871e-09 3.15208 
20008.9 -1.22115e-07 729.124 -0.229706 -3.17975e-09 3.14976 
19988.4 -1.71189e-07 970.926 -0.306041 -4.45759e-09 3.14652 
19961.9 -2.20532e-07 1212.44 -0.382421 -5.74242e-09 3.14235 
19929.6 -2.70151e-07 1453.6 -0.458858 -7.03445e-09 3.13724 
19891.4 -3.20055e-07 1694.34 -0.535361 -8.33389e-09 3.13119 
19847.4 -3.70252e-07 1934.57 -0.611943 -9.64098e-09 3.1242 
19797.4 -4.20752e-07 2174.22 -0.688614 -1.0956e-08 3.11625 
19741.6 -4.71565e-07 2413.24 -0.765385 -1.22791e-08 3.10734 
19679.9 -5.22699e-07 2651.52 -0.842269 -1.36105e-08 3.09746 
19612.2 -5.74167e-07 2889.02 -0.919275 -1.49507e-08 3.0866 
19538.6 -6.25977e-07 3125.64 -0.996416 -1.62998e-08 3.07475 
19459.1 -6.78143e-07 3361.31 -1.0737 -1.76581e-08 3.0619 
19373.7 -7.30675e-07 3595.95 -1.15115 -1.9026e-08 3.04802 
19282.3 -7.83586e-07 3829.5 -1.22876 -2.04037e-08 3.03311 
19184.9 -8.36888e-07 4061.85 -1.30655 -2.17917e-08 3.01715 
19081.6 -8.90596e-07 4292.94 -1.38453 -2.31902e-08 3.00013 
18972.3 -9.44722e-07 4522.68 -1.46271 -2.45995e-08 2.98201 
18856.9 -9.99282e-07 4750.98 -1.54111 -2.60202e-08 2.9628 
18735.5 -1.05429e-06 4977.77 -1.61972 -2.74526e-08 2.94245 
18608.1 -1.10976e-06 5202.95 -1.69858 -2.8897e-08 2.92095 
18474.6 -1.16572e-06 5426.43 -1.77768 -3.03539e-08 2.89828 
18335 -1.22217e-06 5648.13 -1.85704 -3.18238e-08 2.8744 
18189.3 -1.27913e-06 5867.94 -1.93666 -3.33071e-08 2.84929 
18037.5 -1.33663e-06 6085.78 -2.01657 -3.48044e-08 2.82292 
17879.6 -1.39469e-06 6301.54 -2.09676 -3.6316e-08 2.79527 
17715.4 -1.45331e-06 6515.13 -2.17726 -3.78426e-08 2.76628 
17545.1 -1.51254e-06 6726.44 -2.25806 -3.93847e-08 2.73593 
17368.5 -1.57238e-06 6935.37 -2.33919 -4.09428e-08 2.70419 
17185.8 -1.63286e-06 7141.8 -2.42064 -4.25177e-08 2.671 
16996.7 -1.69401e-06 7345.63 -2.50244 -4.41099e-08 2.63633 
16801.3 -1.75584e-06 7546.73 -2.58458 -4.572e-08 2.60014 
16599.7 -1.8184e-06 7745 -2.66709 -4.73489e-08 2.56236 
16391.6 -1.8817e-06 7940.3 -2.74996 -4.89971e-08 2.52296 
16177.2 -1.94578e-06 8132.51 -2.8332 -5.06656e-08 2.48188 
15956.4 -2.01066e-06 8321.5 -2.91683 -5.2355e-08 2.43905 
15729.2 -2.07638e-06 8507.13 -3.00084 -5.40663e-08 2.39443 
15495.4 -2.14298e-06 8689.26 -3.08525 -5.58003e-08 2.34794 
15255.2 -2.21048e-06 8867.75 -3.17006 -5.7558e-08 2.29952 
15008.5 -2.27893e-06 9042.45 -3.25527 -5.93403e-08 2.24909 
14755.2 -2.34837e-06 9213.19 -3.34088 -6.11484e-08 2.19657 
14495.3 -2.41884e-06 9379.81 -3.4269 -6.29833e-08 2.14189 
14228.7 -2.49039e-06 9542.15 -3.51333 -6.48463e-08 2.08495 
13955.6 -2.56306e-06 9700.02 -3.60016 -6.67384e-08 2.02566 
13675.7 -2.6369e-06 9853.25 -3.68739 -6.86611e-08 1.96393 
13389.1 -2.71198e-06 10001.6 -3.77502 -7.06158e-08 1.89964 
13095.8 -2.78833e-06 10145 -3.86302 -7.26039e-08 1.83269 
12795.7 -2.86603e-06 10283.1 -3.9514 -7.46269e-08 1.76296 
12488.8 -2.94514e-06 10415.7 -4.04013 -7.66867e-08 1.69031 
12175.1 -3.02572e-06 10542.7 -4.1292 -7.87849e-08 1.61462 
11854.5 -3.10785e-06 10663.7 -4.21858 -8.09234e-08 1.53574 
11527 -3.19162e-06 10778.5 -4.30824 -8.31043e-08 1.4535 
11192.7 -3.27709e-06 10886.9 -4.39814 -8.53297e-08 1.36776 
10851.4 -3.36437e-06 10988.5 -4.48825 -8.76021e-08 1.27833 
10503.2 -3.45354e-06 11083.1 -4.57852 -8.99238e-08 1.18503 
10148.1 -3.54471e-06 11170.4 -4.66888 -9.22975e-08 1.08765 
9786.05 -3.63799e-06 11250.1 -4.75926 -9.47261e-08 0.985973 
9417.04 -3.7335e-06 11321.8 -4.84959 -9.72128e-08 0.87978 
9041.1 -3.83136e-06 11385.1 -4.93978 -9.97608e-08 0.768819 
8658.24 -3.93173e-06 11439.7 -5.02971 -1.02374e-07 0.652828 
8268.48 -4.03474e-06 11485.3 -5.11926 -1.05056e-07 0.531526 
7871.87 -4.14056e-06 11521.2 -5.20828 -1.07811e-07 0.40461 
7468.44 -4.24937e-06 11547.3 -5.29661 -1.10644e-07 0.27176 
7058.27 -4.36136e-06 11562.8 -5.38404 -1.13559e-07 0.13263 
6641.42 -4.47674e-06 11567.5 -5.47036 -1.16563e-07 -0.0131464 
6217.99 -4.59574e-06 11560.6 -5.55531 -1.19661e-07 -0.165963 
5788.1 -4.71862e-06 11541.8 -5.63858 -1.2286e-07 -0.326239 
5351.89 -4.84563e-06 11510.3 -5.71983 -1.26166e-07 -0.49442 
4909.53 -4.9771e-06 11465.6 -5.79865 -1.29589e-07 -0.670979 
4461.22 -5.11335e-06 11407 -5.87459 -1.33135e-07 -0.856416 
4007.21 -5.25474e-06 11333.8 -5.94712 -1.36816e-07 -1.05126 
3547.77 -5.40168e-06 11245.3 -6.01561 -1.40641e-07 -1.25607 
3083.26 -5.55462e-06 11140.6 -6.07936 -1.44622e-07 -1.47142 
2614.05 -5.71404e-06 11019 -6.13754 -1.48771e-07 -1.69791 
2140.62 -5.88049e-06 10879.5 -6.18922 -1.53104e-07 -1.93616 
1663.51 -6.05457e-06 10721.2 -6.2333 -1.57635e-07 -2.18678 
1183.34 -6.23694e-06 10543.2 -6.26853 -1.62381e-07 -2.45038 
700.851 -6.42834e-06 10344.5 -6.29346 -1.67362e-07 -2.72755 
216.895 -6.62957e-06 10123.9 -6.30644 -1.72599e-07 -3.01883 
-267.54 -6.84151e-06 9880.36 -6.30558 -1.78114e-07 -3.32468 
-751.308 -7.06512e-06 9612.78 -6.28871 -1.83933e-07 -3.64545 
-1233.09 -7.30142e-06 9319.99 -6.25339 -1.90081e-07 -3.9813 
-1711.36 -7.55149e-06 9000.82 -6.19687 -1.96588e-07 -4.33217 
-2184.38 -7.81646e-06 8654.14 -6.11607 -2.03482e-07 -4.69769 
-2650.16 -8.09742e-06 8278.84 -6.00759 -2.10791e-07 -5.07704 
-3106.42 -8.39537e-06 7873.92 -5.86775 -2.18542e-07 -5.46888 
-3550.61 -8.71112e-06 7438.49 -5.69263 -2.26755e-07 -5.87119 
-3979.87 -9.04508e-06 6971.84 -5.47815 -2.35442e-07 -6.28113 
-4391.01 -9.39702e-06 6473.53 -5.22028 -2.44595e-07 -6.69486 
-4780.55 -9.7657e-06 5943.45 -4.91521 -2.54183e-07 -7.10743 
-5144.75 -1.01484e-05 5381.93 -4.55969 -2.64137e-07 -7.51268 
-5479.63 -1.05405e-05 4789.79 -4.15138 -2.74331e-07 -7.9032 
-5781.07 -1.09344e-05 4168.49 -3.6893 -2.84575e-07 -8.27043 
-6044.99 -1.13196e-05 3520.19 -3.17429 -2.94591e-07 -8.60493 
-6267.4 -1.16821e-05 2847.76 -2.60943 -3.04015e-07 -8.89679 
-6444.69 -1.20047e-05 2154.87 -2.00028 -3.12403e-07 -9.13627 
-6573.74 -1.22688e-05 1445.89 -1.35503 -3.1927e-07 -9.31456 
-6652.18 -1.24565e-05 725.793 -0.684175 -3.2415e-07 -9.42461 
-6678.5 -1.25522e-05 0.0215543 -2.80339e-05 -3.26639e-07 -9.46182 
