20035.5 -2.97149e-11 26.9448 -0.00848309 -7.73763e-12 3.15394 
20035.4 -7.80533e-11 51.1689 -0.0161097 -2.03248e-11 3.15392 
20035.2 -1.26416e-10 75.3928 -0.0237364 -3.29182e-11 3.1539 
20035 -1.74803e-10 99.6165 -0.0313631 -4.55181e-11 3.15386 
20034.7 -2.23215e-10 123.84 -0.0389899 -5.81244e-11 3.15382 
20034.4 -2.71652e-10 148.063 -0.0466167 -7.07371e-11 3.15377 
20034 -3.20113e-10 172.286 -0.0542435 -8.33562e-11 3.15371 
20033.6 -3.68599e-10 196.508 -0.0618705 -9.59818e-11 3.15364 
20033.1 -4.1711e-10 220.729 -0.0694975 -1.08614e-10 3.15356 
20032.5 -4.65646e-10 244.95 -0.0771247 -1.21252e-10 3.15347 
20031.9 -5.14207e-10 269.17 -0.0847519 -1.33897e-10 3.15337 
20031.2 -5.62793e-10 293.39 -0.0923793 -1.46549e-10 3.15327 
20030.5 -6.11404e-10 317.608 -0.100007 -1.59207e-10 3.15315 
20029.7 -6.6004e-10 341.826 -0.107634 -1.71872e-10 3.15302 
20028.8 -7.08701e-10 366.043 -0.115262 -1.84543e-10 3.15289 
20027.9 -7.57388e-10 390.258 -0.12289 -1.97221e-10 3.15274 
20026.9 -8.061e-10 414.473 -0.130518 -2.09905e-10 3.15259 
20025.9 -8.54838e-10 438.686 -0.138147 -2.22596e-10 3.15243 
20024.8 -9.03601e-10 462.898 -0.145775 -2.35294e-10 3.15226 
20023.7 -9.5239e-10 487.108 -0.153404 -2.47998e-10 3.15208 
20022.4 -1.0012e-09 511.317 -0.161033 -2.60709e-10 3.15189 
20021.2 -1.05004e-09 535.525 -0.168662 -2.73427e-10 3.15169 
20019.9 -1.09891e-09 559.731 -0.176292 -2.86152e-10 3.15148 
20018.5 -1.1478e-09 583.936 -0.183922 -2.98883e-10 3.15126 
20017 -1.19672e-09 608.138 -0.191552 -3.11621e-10 3.15103 
20015.5 -1.24566e-09 632.339 -0.199182 -3.24366e-10 3.1508 
20014 -1.29463e-09 656.538 -0.206813 -3.37117e-10 3.15055 
20012.4 -1.34363e-09 680.736 -0.214443 -3.49876e-10 3.1503 
20010.7 -1.39265e-09 704.931 -0.222075 -3.62641e-10 3.15003 
20008.9 -1.4417e-09 729.124 -0.229706 -3.75413e-10 3.14976 
20007.1 -1.49078e-09 753.315 -0.237338 -3.88192e-10 3.14948 
20005.3 -1.53988e-09 777.504 -0.24497 -4.00978e-10 3.14918 
20003.4 -1.58901e-09 801.69 -0.252603 -4.13771e-10 3.14888 
20001.4 -1.63816e-09 825.874 -0.260236 -4.26571e-10 3.14857 
19999.4 -1.68734e-09 850.056 -0.267869 -4.39378e-10 3.14825 
19997.3 -1.73655e-09 874.235 -0.275503 -4.52191e-10 3.14792 
19995.2 -1.78579e-09 898.412 -0.283137 -4.65012e-10 3.14758 
19992.9 -1.83505e-09 922.586 -0.290771 -4.7784e-10 3.14724 
19990.7 -1.88434e-09 946.757 -0.298406 -4.90674e-10 3.14688 
19988.4 -1.93366e-09 970.926 -0.306042 -5.03516e-10 3.14651 
19986 -1.983e-09 995.091 -0.313677 -5.16365e-10 3.14614 
19983.5 -2.03237e-09 1019.25 -0.321314 -5.29221e-10 3.14575 
19981 -2.08177e-09 1043.41 -0.32895 -5.42084e-10 3.14536 
19978.5 -2.1312e-09 1067.57 -0.336588 -5.54955e-10 3.14496 
19975.9 -2.18065e-09 1091.72 -0.344225 -5.67832e-10 3.14454 
19973.2 -2.23013e-09 1115.87 -0.351864 -5.80717e-10 3.14412 
19970.5 -2.27964e-09 1140.02 -0.359502 -5.93609e-10 3.14369 
19967.7 -2.32918e-09 1164.17 -0.367142 -6.06508e-10 3.14325 
19964.8 -2.37874e-09 1188.31 -0.374781 -6.19414e-10 3.1428 
19961.9 -2.42833e-09 1212.44 -0.382422 -6.32328e-10 3.14234 
19959 -2.47795e-09 1236.58 -0.390063 -6.45249e-10 3.14187 
19955.9 -2.5276e-09 1260.71 -0.397704 -6.58177e-10 3.14139 
19952.9 -2.57728e-09 1284.83 -0.405346 -6.71112e-10 3.1409 
19949.7 -2.62698e-09 1308.95 -0.412989 -6.84055e-10 3.14041 
19946.5 -2.67672e-09 1333.07 -0.420632 -6.97006e-10 3.1399 
19943.2 -2.72648e-09 1357.19 -0.428276 -7.09963e-10 3.13939 
19939.9 -2.77627e-09 1381.3 -0.435921 -7.22929e-10 3.13886 
19936.6 -2.82609e-09 1405.4 -0.443566 -7.35901e-10 3.13833 
19933.1 -2.87593e-09 1429.51 -0.451212 -7.48881e-10 3.13778 
19929.6 -2.92581e-09 1453.6 -0.458858 -7.61869e-10 3.13723 
19926.1 -2.97571e-09 1477.7 -0.466505 -7.74864e-10 3.13667 
19922.5 -3.02565e-09 1501.79 -0.474153 -7.87866e-10 3.1361 
19918.8 -3.07561e-09 1525.87 -0.481801 -8.00877e-10 3.13551 
19915.1 -3.1256e-09 1549.95 -0.489451 -8.13894e-10 3.13492 
19911.3 -3.17562e-09 1574.03 -0.497101 -8.2692e-10 3.13432 
19907.4 -3.22568e-09 1598.1 -0.504751 -8.39953e-10 3.13371 
19903.5 -3.27576e-09 1622.17 -0.512403 -8.52993e-10 3.1331 
19899.5 -3.32587e-09 1646.23 -0.520055 -8.66042e-10 3.13247 
19895.5 -3.376e-09 1670.28 -0.527708 -8.79098e-10 3.13183 
19891.4 -3.42617e-09 1694.34 -0.535361 -8.92162e-10 3.13118 
19887.3 -3.47637e-09 1718.38 -0.543016 -9.05233e-10 3.13053 
19883.1 -3.5266e-09 1742.42 -0.550671 -9.18312e-10 3.12986 
19878.8 -3.57686e-09 1766.46 -0.558327 -9.314e-10 3.12918 
19874.5 -3.62715e-09 1790.49 -0.565984 -9.44494e-10 3.1285 
19870.1 -3.67747e-09 1814.52 -0.573641 -9.57597e-10 3.1278 
19865.7 -3.72782e-09 1838.54 -0.5813 -9.70708e-10 3.1271 
19861.2 -3.77819e-09 1862.55 -0.588959 -9.83826e-10 3.12639 
19856.7 -3.8286e-09 1886.56 -0.59662 -9.96953e-10 3.12566 
19852.1 -3.87904e-09 1910.57 -0.604281 -1.01009e-09 3.12493 
19847.4 -3.92951e-09 1934.57 -0.611943 -1.02323e-09 3.12419 
19842.6 -3.98002e-09 1958.56 -0.619606 -1.03638e-09 3.12344 
19837.9 -4.03055e-09 1982.55 -0.627269 -1.04954e-09 3.12268 
19833 -4.08111e-09 2006.53 -0.634934 -1.0627e-09 3.1219 
19828.1 -4.13171e-09 2030.5 -0.6426 -1.07588e-09 3.12112 
19823.1 -4.18233e-09 2054.47 -0.650266 -1.08906e-09 3.12033 
19818.1 -4.23299e-09 2078.43 -0.657934 -1.10225e-09 3.11954 
19813 -4.28367e-09 2102.39 -0.665602 -1.11545e-09 3.11873 
19807.9 -4.33439e-09 2126.34 -0.673272 -1.12866e-09 3.11791 
19802.7 -4.38514e-09 2150.29 -0.680942 -1.14187e-09 3.11708 
19797.4 -4.43593e-09 2174.22 -0.688614 -1.1551e-09 3.11624 
19792.1 -4.48674e-09 2198.16 -0.696286 -1.16833e-09 3.11539 
19786.7 -4.53758e-09 2222.08 -0.70396 -1.18157e-09 3.11454 
19781.3 -4.58846e-09 2246 -0.711634 -1.19482e-09 3.11367 
19775.8 -4.63937e-09 2269.91 -0.71931 -1.20807e-09 3.11279 
19770.3 -4.69031e-09 2293.82 -0.726986 -1.22134e-09 3.11191 
19764.6 -4.74129e-09 2317.71 -0.734664 -1.23461e-09 3.11101 
19759 -4.79229e-09 2341.6 -0.742342 -1.24789e-09 3.11011 
19753.2 -4.84333e-09 2365.49 -0.750022 -1.26118e-09 3.10919 
19747.4 -4.8944e-09 2389.36 -0.757703 -1.27448e-09 3.10827 
19741.6 -4.9455e-09 2413.23 -0.765385 -1.28779e-09 3.10733 
19735.7 -4.99664e-09 2437.1 -0.773068 -1.3011e-09 3.10639 
19729.7 -5.04781e-09 2460.95 -0.780753 -1.31443e-09 3.10544 
19723.7 -5.09901e-09 2484.8 -0.788438 -1.32776e-09 3.10447 
19717.6 -5.15024e-09 2508.64 -0.796124 -1.3411e-09 3.1035 
19711.5 -5.20151e-09 2532.47 -0.803812 -1.35445e-09 3.10252 
19705.3 -5.25281e-09 2556.3 -0.811501 -1.36781e-09 3.10152 
19699 -5.30415e-09 2580.12 -0.819191 -1.38118e-09 3.10052 
19692.7 -5.35551e-09 2603.93 -0.826882 -1.39455e-09 3.09951 
19686.3 -5.40692e-09 2627.73 -0.834575 -1.40794e-09 3.09849 
19679.9 -5.45835e-09 2651.52 -0.842269 -1.42133e-09 3.09746 
19673.4 -5.50982e-09 2675.31 -0.849964 -1.43473e-09 3.09641 
19666.8 -5.56132e-09 2699.09 -0.85766 -1.44815e-09 3.09536 
19660.2 -5.61286e-09 2722.86 -0.865357 -1.46157e-09 3.0943 
19653.5 -5.66443e-09 2746.62 -0.873056 -1.47499e-09 3.09323 
19646.8 -5.71603e-09 2770.37 -0.880756 -1.48843e-09 3.09215 
19640 -5.76767e-09 2794.12 -0.888457 -1.50188e-09 3.09106 
19633.1 -5.81934e-09 2817.86 -0.89616 -1.51533e-09 3.08996 
19626.2 -5.87105e-09 2841.59 -0.903863 -1.5288e-09 3.08885 
19619.2 -5.92279e-09 2865.31 -0.911569 -1.54227e-09 3.08773 
19612.2 -5.97457e-09 2889.02 -0.919275 -1.55575e-09 3.0866 
19605.1 -6.02638e-09 2912.72 -0.926983 -1.56925e-09 3.08546 
19598 -6.07823e-09 2936.41 -0.934692 -1.58275e-09 3.08431 
19590.8 -6.13011e-09 2960.1 -0.942403 -1.59626e-09 3.08315 
19583.5 -6.18203e-09 2983.77 -0.950115 -1.60978e-09 3.08198 
19576.2 -6.23398e-09 3007.44 -0.957828 -1.6233e-09 3.0808 
19568.8 -6.28597e-09 3031.1 -0.965543 -1.63684e-09 3.07961 
19561.3 -6.33799e-09 3054.75 -0.973259 -1.65039e-09 3.07841 
19553.8 -6.39005e-09 3078.39 -0.980976 -1.66394e-09 3.0772 
19546.3 -6.44215e-09 3102.02 -0.988695 -1.67751e-09 3.07598 
19538.6 -6.49428e-09 3125.64 -0.996416 -1.69108e-09 3.07475 
19531 -6.54645e-09 3149.25 -1.00414 -1.70467e-09 3.07351 
19523.2 -6.59865e-09 3172.85 -1.01186 -1.71826e-09 3.07226 
19515.4 -6.65089e-09 3196.44 -1.01959 -1.73186e-09 3.071 
19507.6 -6.70316e-09 3220.02 -1.02731 -1.74548e-09 3.06972 
19499.6 -6.75548e-09 3243.6 -1.03504 -1.7591e-09 3.06844 
19491.7 -6.80782e-09 3267.16 -1.04277 -1.77273e-09 3.06715 
19483.6 -6.86021e-09 3290.71 -1.0505 -1.78637e-09 3.06585 
19475.5 -6.91263e-09 3314.25 -1.05823 -1.80002e-09 3.06454 
19467.4 -6.96509e-09 3337.79 -1.06597 -1.81368e-09 3.06322 
19459.1 -7.01759e-09 3361.31 -1.0737 -1.82735e-09 3.06189 
19450.9 -7.07012e-09 3384.82 -1.08144 -1.84103e-09 3.06055 
19442.5 -7.12269e-09 3408.32 -1.08918 -1.85472e-09 3.0592 
19434.1 -7.1753e-09 3431.81 -1.09692 -1.86842e-09 3.05783 
19425.7 -7.22794e-09 3455.3 -1.10466 -1.88213e-09 3.05646 
19417.2 -7.28063e-09 3478.77 -1.1124 -1.89585e-09 3.05508 
19408.6 -7.33335e-09 3502.22 -1.12015 -1.90957e-09 3.05369 
19400 -7.38611e-09 3525.67 -1.1279 -1.92331e-09 3.05228 
19391.3 -7.43891e-09 3549.11 -1.13564 -1.93706e-09 3.05087 
19382.5 -7.49174e-09 3572.54 -1.14339 -1.95082e-09 3.04945 
19373.7 -7.54461e-09 3595.95 -1.15115 -1.96459e-09 3.04801 
19364.8 -7.59753e-09 3619.36 -1.1589 -1.97836e-09 3.04657 
19355.9 -7.65048e-09 3642.75 -1.16665 -1.99215e-09 3.04512 
19346.9 -7.70347e-09 3666.14 -1.17441 -2.00595e-09 3.04365 
19337.9 -7.7565e-09 3689.51 -1.18217 -2.01976e-09 3.04218 
19328.8 -7.80956e-09 3712.87 -1.18993 -2.03358e-09 3.04069 
19319.6 -7.86267e-09 3736.22 -1.19769 -2.04741e-09 3.03919 
19310.4 -7.91581e-09 3759.55 -1.20545 -2.06125e-09 3.03769 
19301.1 -7.969e-09 3782.88 -1.21322 -2.07509e-09 3.03617 
19291.7 -8.02222e-09 3806.19 -1.22099 -2.08895e-09 3.03464 
19282.3 -8.07549e-09 3829.49 -1.22876 -2.10282e-09 3.03311 
19272.8 -8.12879e-09 3852.79 -1.23653 -2.1167e-09 3.03156 
19263.3 -8.18214e-09 3876.06 -1.2443 -2.13059e-09 3.03 
19253.7 -8.23552e-09 3899.33 -1.25207 -2.1445e-09 3.02843 
19244.1 -8.28894e-09 3922.58 -1.25985 -2.15841e-09 3.02685 
19234.4 -8.34241e-09 3945.83 -1.26763 -2.17233e-09 3.02526 
19224.6 -8.39591e-09 3969.06 -1.27541 -2.18626e-09 3.02366 
19214.8 -8.44946e-09 3992.27 -1.28319 -2.2002e-09 3.02205 
19204.9 -8.50304e-09 4015.48 -1.29097 -2.21416e-09 3.02042 
19195 -8.55667e-09 4038.67 -1.29876 -2.22812e-09 3.01879 
19184.9 -8.61034e-09 4061.85 -1.30655 -2.2421e-09 3.01715 
19174.9 -8.66405e-09 4085.02 -1.31434 -2.25608e-09 3.01549 
19164.8 -8.7178e-09 4108.17 -1.32213 -2.27008e-09 3.01383 
19154.6 -8.77159e-09 4131.31 -1.32992 -2.28409e-09 3.01215 
19144.3 -8.82542e-09 4154.44 -1.33772 -2.2981e-09 3.01047 
19134 -8.8793e-09 4177.56 -1.34551 -2.31213e-09 3.00877 
19123.7 -8.93321e-09 4200.66 -1.35331 -2.32617e-09 3.00706 
19113.2 -8.98717e-09 4223.75 -1.36111 -2.34022e-09 3.00534 
19102.8 -9.04117e-09 4246.83 -1.36892 -2.35428e-09 3.00361 
19092.2 -9.09521e-09 4269.89 -1.37672 -2.36836e-09 3.00187 
19081.6 -9.1493e-09 4292.94 -1.38453 -2.38244e-09 3.00012 
19070.9 -9.20343e-09 4315.97 -1.39234 -2.39653e-09 2.99836 
19060.2 -9.2576e-09 4339 -1.40015 -2.41064e-09 2.99659 
19049.4 -9.31181e-09 4362.01 -1.40796 -2.42476e-09 2.9948 
19038.6 -9.36607e-09 4385 -1.41578 -2.43889e-09 2.99301 
19027.7 -9.42037e-09 4407.98 -1.42359 -2.45303e-09 2.9912 
19016.7 -9.47471e-09 4430.95 -1.43141 -2.46718e-09 2.98938 
19005.7 -9.5291e-09 4453.9 -1.43923 -2.48134e-09 2.98756 
18994.6 -9.58352e-09 4476.84 -1.44706 -2.49551e-09 2.98572 
18983.5 -9.638e-09 4499.77 -1.45488 -2.5097e-09 2.98387 
18972.3 -9.69252e-09 4522.68 -1.46271 -2.52389e-09 2.98201 
18961 -9.74708e-09 4545.57 -1.47054 -2.5381e-09 2.98014 
18949.7 -9.80168e-09 4568.46 -1.47837 -2.55232e-09 2.97825 
18938.3 -9.85633e-09 4591.32 -1.48621 -2.56655e-09 2.97636 
18926.8 -9.91102e-09 4614.18 -1.49404 -2.58079e-09 2.97445 
18915.3 -9.96576e-09 4637.01 -1.50188 -2.59504e-09 2.97254 
18903.8 -1.00205e-08 4659.84 -1.50972 -2.60931e-09 2.97061 
18892.1 -1.00754e-08 4682.65 -1.51756 -2.62359e-09 2.96867 
18880.5 -1.01302e-08 4705.44 -1.52541 -2.63788e-09 2.96672 
18868.7 -1.01852e-08 4728.22 -1.53326 -2.65218e-09 2.96476 
18856.9 -1.02401e-08 4750.98 -1.5411 -2.66649e-09 2.96279 
18845 -1.02951e-08 4773.73 -1.54896 -2.68081e-09 2.9608 
18833.1 -1.03502e-08 4796.46 -1.55681 -2.69515e-09 2.95881 
18821.1 -1.04053e-08 4819.18 -1.56467 -2.7095e-09 2.9568 
18809.1 -1.04604e-08 4841.88 -1.57252 -2.72386e-09 2.95479 
18797 -1.05156e-08 4864.57 -1.58039 -2.73823e-09 2.95276 
18784.8 -1.05709e-08 4887.24 -1.58825 -2.75261e-09 2.95072 
18772.6 -1.06262e-08 4909.9 -1.59611 -2.76701e-09 2.94867 
18760.3 -1.06815e-08 4932.54 -1.60398 -2.78142e-09 2.9466 
18747.9 -1.07369e-08 4955.16 -1.61185 -2.79584e-09 2.94453 
18735.5 -1.07923e-08 4977.77 -1.61972 -2.81027e-09 2.94244 
18723.1 -1.08478e-08 5000.36 -1.6276 -2.82472e-09 2.94034 
18710.5 -1.09033e-08 5022.94 -1.63548 -2.83917e-09 2.93823 
18697.9 -1.09589e-08 5045.49 -1.64335 -2.85364e-09 2.93611 
18685.3 -1.10145e-08 5068.04 -1.65124 -2.86813e-09 2.93398 
18672.6 -1.10701e-08 5090.56 -1.65912 -2.88262e-09 2.93184 
18659.8 -1.11259e-08 5113.07 -1.66701 -2.89713e-09 2.92968 
18647 -1.11816e-08 5135.57 -1.6749 -2.91165e-09 2.92751 
18634.1 -1.12374e-08 5158.04 -1.68279 -2.92618e-09 2.92534 
18621.1 -1.12933e-08 5180.5 -1.69068 -2.94072e-09 2.92315 
18608.1 -1.13492e-08 5202.95 -1.69858 -2.95528e-09 2.92094 
18595 -1.14051e-08 5225.37 -1.70648 -2.96985e-09 2.91873 
18581.9 -1.14611e-08 5247.78 -1.71438 -2.98444e-09 2.9165 
18568.7 -1.15172e-08 5270.17 -1.72228 -2.99903e-09 2.91427 
18555.4 -1.15733e-08 5292.55 -1.73019 -3.01364e-09 2.91202 
18542.1 -1.16295e-08 5314.91 -1.7381 -3.02826e-09 2.90975 
18528.7 -1.16857e-08 5337.25 -1.74601 -3.0429e-09 2.90748 
18515.3 -1.17419e-08 5359.57 -1.75392 -3.05754e-09 2.9052 
18501.8 -1.17982e-08 5381.87 -1.76184 -3.0722e-09 2.9029 
18488.2 -1.18546e-08 5404.16 -1.76976 -3.08688e-09 2.90059 
18474.6 -1.1911e-08 5426.43 -1.77768 -3.10156e-09 2.89827 
18460.9 -1.19674e-08 5448.68 -1.7856 -3.11626e-09 2.89594 
18447.2 -1.20239e-08 5470.92 -1.79353 -3.13098e-09 2.89359 
18433.4 -1.20805e-08 5493.13 -1.80146 -3.1457e-09 2.89123 
18419.5 -1.21371e-08 5515.33 -1.80939 -3.16044e-09 2.88886 
18405.6 -1.21937e-08 5537.51 -1.81732 -3.1752e-09 2.88648 
18391.6 -1.22504e-08 5559.67 -1.82526 -3.18996e-09 2.88409 
18377.5 -1.23072e-08 5581.81 -1.8332 -3.20474e-09 2.88168 
18363.4 -1.2364e-08 5603.93 -1.84114 -3.21954e-09 2.87927 
18349.2 -1.24209e-08 5626.04 -1.84909 -3.23434e-09 2.87683 
18335 -1.24778e-08 5648.13 -1.85704 -3.24916e-09 2.87439 
18320.7 -1.25348e-08 5670.19 -1.86499 -3.264e-09 2.87194 
18306.4 -1.25918e-08 5692.24 -1.87294 -3.27885e-09 2.86947 
18292 -1.26488e-08 5714.27 -1.8809 -3.29371e-09 2.86699 
18277.5 -1.2706e-08 5736.28 -1.88885 -3.30858e-09 2.8645 
18262.9 -1.27631e-08 5758.27 -1.89681 -3.32347e-09 2.86199 
18248.3 -1.28204e-08 5780.25 -1.90478 -3.33837e-09 2.85948 
18233.7 -1.28777e-08 5802.2 -1.91275 -3.35329e-09 2.85695 
18219 -1.2935e-08 5824.13 -1.92071 -3.36822e-09 2.85441 
18204.2 -1.29924e-08 5846.05 -1.92869 -3.38317e-09 2.85185 
18189.3 -1.30498e-08 5867.94 -1.93666 -3.39813e-09 2.84929 
18174.4 -1.31073e-08 5889.82 -1.94464 -3.4131e-09 2.84671 
18159.5 -1.31649e-08 5911.67 -1.95262 -3.42809e-09 2.84411 
18144.4 -1.32225e-08 5933.5 -1.9606 -3.44309e-09 2.84151 
18129.3 -1.32802e-08 5955.32 -1.96859 -3.45811e-09 2.83889 
18114.2 -1.33379e-08 5977.11 -1.97658 -3.47314e-09 2.83626 
18099 -1.33957e-08 5998.89 -1.98457 -3.48818e-09 2.83362 
18083.7 -1.34535e-08 6020.64 -1.99256 -3.50324e-09 2.83096 
18068.4 -1.35114e-08 6042.37 -2.00056 -3.51831e-09 2.82829 
18053 -1.35693e-08 6064.09 -2.00856 -3.5334e-09 2.82561 
18037.5 -1.36273e-08 6085.78 -2.01657 -3.5485e-09 2.82292 
18022 -1.36854e-08 6107.45 -2.02457 -3.56362e-09 2.82021 
18006.4 -1.37435e-08 6129.1 -2.03258 -3.57875e-09 2.81749 
17990.8 -1.38017e-08 6150.73 -2.04059 -3.5939e-09 2.81476 
17975.1 -1.38599e-08 6172.34 -2.04861 -3.60906e-09 2.81201 
17959.3 -1.39182e-08 6193.93 -2.05663 -3.62424e-09 2.80925 
17943.5 -1.39765e-08 6215.49 -2.06465 -3.63943e-09 2.80648 
17927.6 -1.40349e-08 6237.04 -2.07267 -3.65464e-09 2.80369 
17911.6 -1.40934e-08 6258.56 -2.0807 -3.66986e-09 2.8009 
17895.6 -1.41519e-08 6280.06 -2.08873 -3.68509e-09 2.79808 
17879.6 -1.42105e-08 6301.54 -2.09676 -3.70035e-09 2.79526 
17863.4 -1.42691e-08 6323 -2.1048 -3.71561e-09 2.79242 
17847.2 -1.43278e-08 6344.44 -2.11283 -3.7309e-09 2.78957 
17831 -1.43865e-08 6365.85 -2.12088 -3.74619e-09 2.7867 
17814.6 -1.44453e-08 6387.24 -2.12892 -3.76151e-09 2.78383 
17798.3 -1.45042e-08 6408.61 -2.13697 -3.77683e-09 2.78093 
17781.8 -1.45631e-08 6429.96 -2.14502 -3.79218e-09 2.77803 
17765.3 -1.46221e-08 6451.29 -2.15307 -3.80754e-09 2.77511 
17748.7 -1.46812e-08 6472.59 -2.16113 -3.82291e-09 2.77218 
17732.1 -1.47403e-08 6493.87 -2.16919 -3.8383e-09 2.76923 
17715.4 -1.47994e-08 6515.13 -2.17725 -3.85371e-09 2.76627 
17698.7 -1.48586e-08 6536.37 -2.18532 -3.86913e-09 2.7633 
17681.8 -1.49179e-08 6557.58 -2.19339 -3.88457e-09 2.76031 
17665 -1.49773e-08 6578.77 -2.20146 -3.90002e-09 2.75731 
17648 -1.50367e-08 6599.93 -2.20954 -3.91549e-09 2.7543 
17631 -1.50962e-08 6621.08 -2.21762 -3.93098e-09 2.75127 
17614 -1.51557e-08 6642.2 -2.2257 -3.94648e-09 2.74823 
17596.8 -1.52153e-08 6663.29 -2.23378 -3.962e-09 2.74518 
17579.7 -1.52749e-08 6684.37 -2.24187 -3.97753e-09 2.74211 
17562.4 -1.53347e-08 6705.42 -2.24996 -3.99308e-09 2.73902 
17545.1 -1.53944e-08 6726.44 -2.25806 -4.00865e-09 2.73593 
17527.7 -1.54543e-08 6747.44 -2.26616 -4.02423e-09 2.73282 
17510.3 -1.55142e-08 6768.42 -2.27426 -4.03983e-09 2.72969 
17492.8 -1.55742e-08 6789.37 -2.28236 -4.05545e-09 2.72655 
17475.2 -1.56342e-08 6810.3 -2.29047 -4.07108e-09 2.7234 
17457.6 -1.56943e-08 6831.21 -2.29858 -4.08673e-09 2.72023 
17439.9 -1.57544e-08 6852.09 -2.3067 -4.10239e-09 2.71705 
17422.2 -1.58147e-08 6872.95 -2.31481 -4.11807e-09 2.71385 
17404.4 -1.5875e-08 6893.78 -2.32293 -4.13377e-09 2.71064 
17386.5 -1.59353e-08 6914.58 -2.33106 -4.14949e-09 2.70742 
17368.5 -1.59957e-08 6935.37 -2.33918 -4.16522e-09 2.70418 
17350.5 -1.60562e-08 6956.12 -2.34731 -4.18097e-09 2.70093 
17332.5 -1.61168e-08 6976.86 -2.35545 -4.19674e-09 2.69766 
17314.4 -1.61774e-08 6997.56 -2.36359 -4.21252e-09 2.69438 
17296.2 -1.62381e-08 7018.24 -2.37173 -4.22832e-09 2.69108 
17277.9 -1.62988e-08 7038.9 -2.37987 -4.24414e-09 2.68777 
17259.6 -1.63596e-08 7059.53 -2.38802 -4.25998e-09 2.68445 
17241.2 -1.64205e-08 7080.14 -2.39617 -4.27583e-09 2.68111 
17222.8 -1.64814e-08 7100.72 -2.40432 -4.2917e-09 2.67775 
17204.3 -1.65425e-08 7121.27 -2.41248 -4.30759e-09 2.67438 
17185.8 -1.66035e-08 7141.8 -2.42064 -4.32349e-09 2.671 
17167.1 -1.66647e-08 7162.3 -2.4288 -4.33942e-09 2.6676 
17148.4 -1.67259e-08 7182.78 -2.43697 -4.35536e-09 2.66418 
17129.7 -1.67872e-08 7203.23 -2.44514 -4.37131e-09 2.66075 
17110.9 -1.68485e-08 7223.65 -2.45332 -4.38729e-09 2.65731 
17092 -1.691e-08 7244.05 -2.46149 -4.40328e-09 2.65385 
17073.1 -1.69715e-08 7264.42 -2.46968 -4.4193e-09 2.65038 
17054.1 -1.7033e-08 7284.76 -2.47786 -4.43533e-09 2.64689 
17035 -1.70946e-08 7305.07 -2.48605 -4.45138e-09 2.64338 
17015.9 -1.71563e-08 7325.36 -2.49424 -4.46744e-09 2.63986 
16996.7 -1.72181e-08 7345.63 -2.50244 -4.48353e-09 2.63633 
16977.4 -1.728e-08 7365.86 -2.51063 -4.49963e-09 2.63278 
16958.1 -1.73419e-08 7386.07 -2.51884 -4.51575e-09 2.62921 
16938.8 -1.74038e-08 7406.25 -2.52704 -4.53189e-09 2.62563 
16919.3 -1.74659e-08 7426.4 -2.53525 -4.54805e-09 2.62203 
16899.8 -1.7528e-08 7446.53 -2.54346 -4.56422e-09 2.61842 
16880.2 -1.75902e-08 7466.62 -2.55168 -4.58042e-09 2.61479 
16860.6 -1.76525e-08 7486.69 -2.5599 -4.59663e-09 2.61115 
16840.9 -1.77148e-08 7506.73 -2.56812 -4.61287e-09 2.60749 
16821.2 -1.77772e-08 7526.75 -2.57635 -4.62912e-09 2.60382 
16801.3 -1.78397e-08 7546.73 -2.58458 -4.64539e-09 2.60013 
16781.5 -1.79023e-08 7566.69 -2.59281 -4.66168e-09 2.59642 
16761.5 -1.79649e-08 7586.62 -2.60105 -4.67799e-09 2.5927 
16741.5 -1.80276e-08 7606.52 -2.60929 -4.69432e-09 2.58897 
16721.4 -1.80904e-08 7626.39 -2.61754 -4.71066e-09 2.58521 
16701.3 -1.81532e-08 7646.23 -2.62579 -4.72703e-09 2.58144 
16681.1 -1.82162e-08 7666.04 -2.63404 -4.74342e-09 2.57766 
16660.8 -1.82792e-08 7685.82 -2.64229 -4.75982e-09 2.57386 
16640.5 -1.83422e-08 7705.58 -2.65055 -4.77625e-09 2.57004 
16620.1 -1.84054e-08 7725.3 -2.65882 -4.79269e-09 2.56621 
16599.7 -1.84686e-08 7745 -2.66708 -4.80916e-09 2.56236 
16579.1 -1.85319e-08 7764.66 -2.67535 -4.82564e-09 2.55849 
16558.6 -1.85953e-08 7784.3 -2.68363 -4.84214e-09 2.55461 
16537.9 -1.86588e-08 7803.9 -2.69191 -4.85867e-09 2.55071 
16517.2 -1.87223e-08 7823.48 -2.70019 -4.87521e-09 2.54679 
16496.4 -1.87859e-08 7843.03 -2.70847 -4.89177e-09 2.54286 
16475.6 -1.88496e-08 7862.54 -2.71676 -4.90836e-09 2.53891 
16454.7 -1.89134e-08 7882.03 -2.72505 -4.92496e-09 2.53495 
16433.7 -1.89772e-08 7901.48 -2.73335 -4.94159e-09 2.53097 
16412.7 -1.90411e-08 7920.91 -2.74165 -4.95823e-09 2.52697 
16391.6 -1.91051e-08 7940.3 -2.74995 -4.9749e-09 2.52295 
16370.5 -1.91692e-08 7959.66 -2.75826 -4.99158e-09 2.51892 
16349.3 -1.92334e-08 7978.99 -2.76657 -5.00829e-09 2.51487 
16328 -1.92976e-08 7998.29 -2.77489 -5.02502e-09 2.51081 
16306.6 -1.93619e-08 8017.56 -2.78321 -5.04176e-09 2.50673 
16285.2 -1.94263e-08 8036.8 -2.79153 -5.05853e-09 2.50263 
16263.8 -1.94908e-08 8056 -2.79986 -5.07532e-09 2.49851 
16242.2 -1.95554e-08 8075.18 -2.80819 -5.09213e-09 2.49438 
16220.6 -1.962e-08 8094.32 -2.81652 -5.10897e-09 2.49022 
16199 -1.96847e-08 8113.43 -2.82486 -5.12582e-09 2.48606 
16177.2 -1.97495e-08 8132.51 -2.8332 -5.14269e-09 2.48187 
16155.4 -1.98144e-08 8151.56 -2.84154 -5.15959e-09 2.47767 
16133.6 -1.98794e-08 8170.57 -2.84989 -5.17651e-09 2.47345 
16111.7 -1.99444e-08 8189.55 -2.85825 -5.19345e-09 2.46921 
16089.7 -2.00096e-08 8208.5 -2.8666 -5.21041e-09 2.46495 
16067.6 -2.00748e-08 8227.42 -2.87496 -5.22739e-09 2.46068 
16045.5 -2.01401e-08 8246.3 -2.88333 -5.24439e-09 2.45639 
16023.3 -2.02055e-08 8265.15 -2.8917 -5.26142e-09 2.45208 
16001.1 -2.02709e-08 8283.97 -2.90007 -5.27847e-09 2.44775 
15978.8 -2.03365e-08 8302.75 -2.90844 -5.29554e-09 2.44341 
15956.4 -2.04021e-08 8321.5 -2.91682 -5.31263e-09 2.43905 
15934 -2.04678e-08 8340.22 -2.92521 -5.32974e-09 2.43467 
15911.5 -2.05337e-08 8358.9 -2.9336 -5.34688e-09 2.43027 
15888.9 -2.05996e-08 8377.55 -2.94199 -5.36404e-09 2.42585 
15866.3 -2.06655e-08 8396.16 -2.95038 -5.38122e-09 2.42142 
15843.6 -2.07316e-08 8414.74 -2.95878 -5.39843e-09 2.41696 
15820.8 -2.07978e-08 8433.29 -2.96719 -5.41565e-09 2.41249 
15798 -2.0864e-08 8451.8 -2.97559 -5.4329e-09 2.408 
15775.1 -2.09303e-08 8470.28 -2.984 -5.45018e-09 2.4035 
15752.2 -2.09968e-08 8488.72 -2.99242 -5.46747e-09 2.39897 
15729.2 -2.10633e-08 8507.13 -3.00084 -5.48479e-09 2.39442 
15706.1 -2.11299e-08 8525.5 -3.00926 -5.50213e-09 2.38986 
15682.9 -2.11966e-08 8543.84 -3.01769 -5.5195e-09 2.38528 
15659.7 -2.12633e-08 8562.15 -3.02612 -5.53689e-09 2.38068 
15636.4 -2.13302e-08 8580.41 -3.03455 -5.5543e-09 2.37606 
15613.1 -2.13972e-08 8598.64 -3.04299 -5.57173e-09 2.37142 
15589.7 -2.14642e-08 8616.84 -3.05144 -5.58919e-09 2.36676 
15566.2 -2.15313e-08 8635 -3.05988 -5.60667e-09 2.36208 
15542.7 -2.15986e-08 8653.12 -3.06833 -5.62418e-09 2.35738 
15519.1 -2.16659e-08 8671.21 -3.07679 -5.64171e-09 2.35267 
15495.4 -2.17333e-08 8689.26 -3.08525 -5.65927e-09 2.34793 
15471.7 -2.18008e-08 8707.28 -3.09371 -5.67685e-09 2.34318 
15447.9 -2.18684e-08 8725.26 -3.10218 -5.69445e-09 2.33841 
15424.1 -2.19361e-08 8743.2 -3.11065 -5.71208e-09 2.33361 
15400.1 -2.20039e-08 8761.11 -3.11912 -5.72973e-09 2.3288 
15376.1 -2.20718e-08 8778.97 -3.1276 -5.7474e-09 2.32397 
15352.1 -2.21398e-08 8796.8 -3.13608 -5.76511e-09 2.31912 
15328 -2.22078e-08 8814.6 -3.14457 -5.78283e-09 2.31425 
15303.8 -2.2276e-08 8832.35 -3.15306 -5.80058e-09 2.30935 
15279.5 -2.23443e-08 8850.07 -3.16156 -5.81836e-09 2.30444 
15255.2 -2.24126e-08 8867.75 -3.17005 -5.83616e-09 2.29951 
15230.8 -2.24811e-08 8885.4 -3.17856 -5.85398e-09 2.29456 
15206.4 -2.25496e-08 8903 -3.18706 -5.87183e-09 2.28959 
15181.9 -2.26183e-08 8920.57 -3.19558 -5.88971e-09 2.2846 
15157.3 -2.2687e-08 8938.09 -3.20409 -5.90761e-09 2.27958 
15132.7 -2.27559e-08 8955.58 -3.21261 -5.92554e-09 2.27455 
15108 -2.28248e-08 8973.03 -3.22113 -5.94349e-09 2.2695 
15083.2 -2.28939e-08 8990.45 -3.22966 -5.96147e-09 2.26442 
15058.3 -2.2963e-08 9007.82 -3.23819 -5.97948e-09 2.25933 
15033.4 -2.30323e-08 9025.15 -3.24673 -5.99751e-09 2.25422 
15008.5 -2.31016e-08 9042.45 -3.25526 -6.01556e-09 2.24908 
14983.4 -2.3171e-08 9059.7 -3.26381 -6.03365e-09 2.24392 
14958.3 -2.32406e-08 9076.92 -3.27235 -6.05175e-09 2.23875 
14933.2 -2.33102e-08 9094.09 -3.28091 -6.06989e-09 2.23355 
14907.9 -2.338e-08 9111.23 -3.28946 -6.08805e-09 2.22833 
14882.6 -2.34498e-08 9128.32 -3.29802 -6.10624e-09 2.22309 
14857.3 -2.35198e-08 9145.37 -3.30658 -6.12446e-09 2.21783 
14831.8 -2.35899e-08 9162.39 -3.31515 -6.1427e-09 2.21254 
14806.3 -2.366e-08 9179.36 -3.32372 -6.16097e-09 2.20724 
14780.8 -2.37303e-08 9196.29 -3.3323 -6.17927e-09 2.20191 
14755.2 -2.38006e-08 9213.19 -3.34088 -6.19759e-09 2.19656 
14729.5 -2.38711e-08 9230.04 -3.34946 -6.21594e-09 2.1912 
14703.7 -2.39417e-08 9246.85 -3.35805 -6.23432e-09 2.1858 
14677.9 -2.40124e-08 9263.61 -3.36664 -6.25273e-09 2.18039 
14652 -2.40832e-08 9280.34 -3.37524 -6.27116e-09 2.17496 
14626 -2.41541e-08 9297.02 -3.38384 -6.28962e-09 2.1695 
14600 -2.42251e-08 9313.66 -3.39244 -6.30811e-09 2.16402 
14573.9 -2.42962e-08 9330.26 -3.40105 -6.32663e-09 2.15852 
14547.8 -2.43674e-08 9346.82 -3.40966 -6.34518e-09 2.153 
14521.5 -2.44388e-08 9363.34 -3.41828 -6.36375e-09 2.14745 
14495.3 -2.45102e-08 9379.81 -3.4269 -6.38236e-09 2.14188 
14468.9 -2.45818e-08 9396.24 -3.43553 -6.40099e-09 2.13629 
14442.5 -2.46534e-08 9412.63 -3.44415 -6.41965e-09 2.13068 
14416 -2.47252e-08 9428.97 -3.45279 -6.43834e-09 2.12504 
14389.4 -2.47971e-08 9445.27 -3.46142 -6.45705e-09 2.11938 
14362.8 -2.48691e-08 9461.53 -3.47006 -6.4758e-09 2.1137 
14336.1 -2.49412e-08 9477.74 -3.47871 -6.49458e-09 2.108 
14309.4 -2.50134e-08 9493.91 -3.48736 -6.51338e-09 2.10227 
14282.6 -2.50857e-08 9510.03 -3.49601 -6.53222e-09 2.09652 
14255.7 -2.51582e-08 9526.11 -3.50467 -6.55108e-09 2.09074 
14228.7 -2.52307e-08 9542.15 -3.51333 -6.56998e-09 2.08494 
14201.7 -2.53034e-08 9558.14 -3.52199 -6.5889e-09 2.07912 
14174.6 -2.53762e-08 9574.09 -3.53066 -6.60785e-09 2.07328 
14147.5 -2.54491e-08 9589.99 -3.53933 -6.62684e-09 2.06741 
14120.3 -2.55221e-08 9605.84 -3.54801 -6.64585e-09 2.06152 
14093 -2.55952e-08 9621.65 -3.55669 -6.6649e-09 2.0556 
14065.6 -2.56685e-08 9637.42 -3.56538 -6.68397e-09 2.04966 
14038.2 -2.57419e-08 9653.14 -3.57407 -6.70308e-09 2.0437 
14010.7 -2.58154e-08 9668.81 -3.58276 -6.72222e-09 2.03771 
13983.2 -2.5889e-08 9684.44 -3.59146 -6.74138e-09 2.03169 
13955.6 -2.59627e-08 9700.02 -3.60016 -6.76058e-09 2.02566 
13927.9 -2.60366e-08 9715.56 -3.60886 -6.77981e-09 2.0196 
13900.1 -2.61105e-08 9731.05 -3.61757 -6.79907e-09 2.01351 
13872.3 -2.61846e-08 9746.49 -3.62629 -6.81836e-09 2.0074 
13844.4 -2.62588e-08 9761.88 -3.635 -6.83769e-09 2.00126 
13816.5 -2.63332e-08 9777.23 -3.64372 -6.85704e-09 1.9951 
13788.4 -2.64076e-08 9792.53 -3.65245 -6.87643e-09 1.98892 
13760.4 -2.64822e-08 9807.78 -3.66118 -6.89585e-09 1.98271 
13732.2 -2.65569e-08 9822.99 -3.66991 -6.9153e-09 1.97647 
13704 -2.66317e-08 9838.14 -3.67865 -6.93479e-09 1.97021 
13675.7 -2.67067e-08 9853.25 -3.68739 -6.9543e-09 1.96392 
13647.3 -2.67817e-08 9868.31 -3.69613 -6.97385e-09 1.95761 
13618.9 -2.68569e-08 9883.32 -3.70488 -6.99344e-09 1.95127 
13590.4 -2.69323e-08 9898.28 -3.71364 -7.01305e-09 1.94491 
13561.9 -2.70077e-08 9913.2 -3.72239 -7.0327e-09 1.93852 
13533.2 -2.70833e-08 9928.06 -3.73115 -7.05238e-09 1.93211 
13504.6 -2.7159e-08 9942.88 -3.73992 -7.0721e-09 1.92567 
13475.8 -2.72349e-08 9957.64 -3.74868 -7.09184e-09 1.9192 
13447 -2.73108e-08 9972.36 -3.75746 -7.11163e-09 1.91271 
13418.1 -2.73869e-08 9987.02 -3.76623 -7.13144e-09 1.90619 
13389.1 -2.74631e-08 10001.6 -3.77501 -7.15129e-09 1.89964 
13360.1 -2.75395e-08 10016.2 -3.7838 -7.17117e-09 1.89307 
13331 -2.7616e-08 10030.7 -3.79258 -7.19109e-09 1.88647 
13301.8 -2.76926e-08 10045.2 -3.80137 -7.21104e-09 1.87984 
13272.6 -2.77694e-08 10059.6 -3.81017 -7.23103e-09 1.87318 
13243.3 -2.78463e-08 10074 -3.81897 -7.25105e-09 1.8665 
13213.9 -2.79233e-08 10088.3 -3.82777 -7.27111e-09 1.8598 
13184.5 -2.80005e-08 10102.5 -3.83658 -7.2912e-09 1.85306 
13155 -2.80777e-08 10116.7 -3.84539 -7.31133e-09 1.8463 
13125.4 -2.81552e-08 10130.9 -3.8542 -7.33149e-09 1.83951 
13095.8 -2.82327e-08 10145 -3.86302 -7.35169e-09 1.83269 
13066.1 -2.83105e-08 10159 -3.87184 -7.37192e-09 1.82584 
13036.3 -2.83883e-08 10173 -3.88066 -7.39219e-09 1.81897 
13006.5 -2.84663e-08 10187 -3.88949 -7.4125e-09 1.81207 
12976.6 -2.85444e-08 10200.9 -3.89833 -7.43284e-09 1.80514 
12946.6 -2.86227e-08 10214.7 -3.90716 -7.45322e-09 1.79818 
12916.6 -2.87011e-08 10228.5 -3.916 -7.47364e-09 1.79119 
12886.4 -2.87796e-08 10242.2 -3.92484 -7.49409e-09 1.78417 
12856.3 -2.88583e-08 10255.9 -3.93369 -7.51458e-09 1.77713 
12826 -2.89371e-08 10269.5 -3.94254 -7.5351e-09 1.77006 
12795.7 -2.90161e-08 10283.1 -3.9514 -7.55567e-09 1.76295 
12765.3 -2.90952e-08 10296.6 -3.96025 -7.57627e-09 1.75582 
12734.9 -2.91744e-08 10310.1 -3.96911 -7.59691e-09 1.74866 
12704.3 -2.92538e-08 10323.5 -3.97798 -7.61758e-09 1.74147 
12673.8 -2.93334e-08 10336.8 -3.98685 -7.6383e-09 1.73425 
12643.1 -2.94131e-08 10350.1 -3.99572 -7.65905e-09 1.727 
12612.4 -2.94929e-08 10363.3 -4.00459 -7.67984e-09 1.71972 
12581.6 -2.95729e-08 10376.5 -4.01347 -7.70067e-09 1.71242 
12550.7 -2.96531e-08 10389.6 -4.02235 -7.72154e-09 1.70508 
12519.8 -2.97334e-08 10402.7 -4.03124 -7.74244e-09 1.69771 
12488.8 -2.98138e-08 10415.7 -4.04013 -7.76339e-09 1.69031 
12457.7 -2.98944e-08 10428.7 -4.04902 -7.78438e-09 1.68288 
12426.6 -2.99751e-08 10441.6 -4.05792 -7.8054e-09 1.67542 
12395.4 -3.0056e-08 10454.4 -4.06681 -7.82647e-09 1.66793 
12364.1 -3.01371e-08 10467.2 -4.07572 -7.84757e-09 1.6604 
12332.8 -3.02183e-08 10479.9 -4.08462 -7.86871e-09 1.65285 
12301.4 -3.02996e-08 10492.6 -4.09353 -7.8899e-09 1.64527 
12269.9 -3.03811e-08 10505.2 -4.10244 -7.91112e-09 1.63765 
12238.4 -3.04628e-08 10517.7 -4.11136 -7.93239e-09 1.63 
12206.8 -3.05446e-08 10530.2 -4.12027 -7.9537e-09 1.62233 
12175.1 -3.06266e-08 10542.7 -4.1292 -7.97505e-09 1.61462 
12143.3 -3.07088e-08 10555 -4.13812 -7.99643e-09 1.60687 
12111.5 -3.07911e-08 10567.3 -4.14705 -8.01787e-09 1.5991 
12079.6 -3.08735e-08 10579.6 -4.15598 -8.03934e-09 1.59129 
12047.7 -3.09561e-08 10591.8 -4.16491 -8.06085e-09 1.58345 
12015.6 -3.10389e-08 10603.9 -4.17385 -8.08241e-09 1.57558 
11983.6 -3.11219e-08 10616 -4.18279 -8.10401e-09 1.56768 
11951.4 -3.1205e-08 10628 -4.19173 -8.12565e-09 1.55974 
11919.2 -3.12883e-08 10640 -4.20067 -8.14733e-09 1.55177 
11886.9 -3.13717e-08 10651.8 -4.20962 -8.16906e-09 1.54377 
11854.5 -3.14553e-08 10663.7 -4.21857 -8.19083e-09 1.53573 
11822.1 -3.15391e-08 10675.4 -4.22753 -8.21264e-09 1.52766 
11789.6 -3.1623e-08 10687.1 -4.23648 -8.2345e-09 1.51956 
11757 -3.17071e-08 10698.8 -4.24544 -8.2564e-09 1.51142 
11724.3 -3.17914e-08 10710.4 -4.25441 -8.27834e-09 1.50325 
11691.6 -3.18758e-08 10721.9 -4.26337 -8.30033e-09 1.49504 
11658.9 -3.19604e-08 10733.3 -4.27234 -8.32237e-09 1.4868 
11626 -3.20452e-08 10744.7 -4.28131 -8.34444e-09 1.47853 
11593.1 -3.21302e-08 10756 -4.29028 -8.36657e-09 1.47022 
11560.1 -3.22153e-08 10767.3 -4.29926 -8.38873e-09 1.46188 
11527 -3.23006e-08 10778.5 -4.30823 -8.41095e-09 1.4535 
11493.9 -3.23861e-08 10789.6 -4.31721 -8.43321e-09 1.44509 
11460.7 -3.24718e-08 10800.7 -4.3262 -8.45551e-09 1.43664 
11427.5 -3.25576e-08 10811.7 -4.33518 -8.47786e-09 1.42815 
11394.1 -3.26436e-08 10822.6 -4.34417 -8.50026e-09 1.41963 
11360.7 -3.27298e-08 10833.5 -4.35316 -8.5227e-09 1.41108 
11327.3 -3.28162e-08 10844.3 -4.36215 -8.54519e-09 1.40249 
11293.7 -3.29027e-08 10855 -4.37114 -8.56773e-09 1.39386 
11260.1 -3.29895e-08 10865.7 -4.38014 -8.59032e-09 1.38519 
11226.4 -3.30764e-08 10876.3 -4.38914 -8.61295e-09 1.37649 
11192.7 -3.31635e-08 10886.9 -4.39814 -8.63563e-09 1.36776 
11158.9 -3.32507e-08 10897.3 -4.40714 -8.65836e-09 1.35898 
11125 -3.33382e-08 10907.7 -4.41615 -8.68113e-09 1.35017 
11091 -3.34259e-08 10918.1 -4.42515 -8.70396e-09 1.34132 
11057 -3.35137e-08 10928.3 -4.43416 -8.72683e-09 1.33244 
11022.9 -3.36017e-08 10938.5 -4.44317 -8.74975e-09 1.32351 
10988.8 -3.369e-08 10948.7 -4.45218 -8.77273e-09 1.31455 
10954.5 -3.37784e-08 10958.7 -4.4612 -8.79575e-09 1.30555 
10920.2 -3.3867e-08 10968.7 -4.47021 -8.81882e-09 1.29652 
10885.9 -3.39558e-08 10978.6 -4.47923 -8.84194e-09 1.28744 
10851.4 -3.40448e-08 10988.5 -4.48825 -8.86511e-09 1.27833 
10816.9 -3.41339e-08 10998.3 -4.49727 -8.88833e-09 1.26917 
10782.4 -3.42233e-08 11008 -4.50629 -8.91161e-09 1.25998 
10747.7 -3.43129e-08 11017.6 -4.51532 -8.93493e-09 1.25075 
10713 -3.44026e-08 11027.2 -4.52434 -8.95831e-09 1.24148 
10678.2 -3.44926e-08 11036.7 -4.53337 -8.98173e-09 1.23217 
10643.4 -3.45828e-08 11046.1 -4.54239 -9.00521e-09 1.22282 
10608.4 -3.46731e-08 11055.5 -4.55142 -9.02874e-09 1.21343 
10573.4 -3.47637e-08 11064.8 -4.56045 -9.05233e-09 1.204 
10538.4 -3.48545e-08 11074 -4.56948 -9.07596e-09 1.19453 
10503.2 -3.49455e-08 11083.1 -4.57851 -9.09965e-09 1.18502 
10468 -3.50366e-08 11092.2 -4.58755 -9.1234e-09 1.17547 
10432.8 -3.5128e-08 11101.2 -4.59658 -9.14719e-09 1.16588 
10397.4 -3.52196e-08 11110.1 -4.60561 -9.17104e-09 1.15624 
10362 -3.53114e-08 11118.9 -4.61465 -9.19495e-09 1.14657 
10326.5 -3.54034e-08 11127.7 -4.62369 -9.21891e-09 1.13685 
10291 -3.54957e-08 11136.4 -4.63272 -9.24292e-09 1.1271 
10255.4 -3.55881e-08 11145 -4.64176 -9.26699e-09 1.1173 
10219.7 -3.56807e-08 11153.6 -4.6508 -9.29111e-09 1.10745 
10183.9 -3.57736e-08 11162 -4.65983 -9.31529e-09 1.09757 
10148.1 -3.58667e-08 11170.4 -4.66887 -9.33953e-09 1.08764 
10112.2 -3.596e-08 11178.7 -4.67791 -9.36382e-09 1.07767 
10076.3 -3.60535e-08 11187 -4.68695 -9.38817e-09 1.06766 
10040.2 -3.61472e-08 11195.1 -4.69599 -9.41258e-09 1.0576 
10004.1 -3.62411e-08 11203.2 -4.70503 -9.43704e-09 1.0475 
9967.95 -3.63353e-08 11211.2 -4.71407 -9.46156e-09 1.03735 
9931.71 -3.64297e-08 11219.2 -4.72311 -9.48614e-09 1.02717 
9895.4 -3.65243e-08 11227 -4.73214 -9.51078e-09 1.01693 
9859.02 -3.66192e-08 11234.8 -4.74118 -9.53547e-09 1.00666 
9822.57 -3.67142e-08 11242.5 -4.75022 -9.56023e-09 0.996335 
9786.05 -3.68095e-08 11250.1 -4.75926 -9.58504e-09 0.985968 
9749.46 -3.6905e-08 11257.6 -4.7683 -9.60992e-09 0.975556 
9712.8 -3.70008e-08 11265.1 -4.77733 -9.63485e-09 0.965099 
9676.07 -3.70968e-08 11272.4 -4.78637 -9.65984e-09 0.954595 
9639.28 -3.7193e-08 11279.7 -4.7954 -9.6849e-09 0.944046 
9602.41 -3.72894e-08 11286.9 -4.80444 -9.71001e-09 0.933451 
9565.48 -3.73861e-08 11294.1 -4.81347 -9.73519e-09 0.92281 
9528.47 -3.7483e-08 11301.1 -4.8225 -9.76043e-09 0.912121 
9491.4 -3.75802e-08 11308.1 -4.83153 -9.78573e-09 0.901386 
9454.25 -3.76776e-08 11315 -4.84056 -9.81109e-09 0.890604 
9417.04 -3.77752e-08 11321.8 -4.84959 -9.83651e-09 0.879774 
9379.76 -3.78731e-08 11328.5 -4.85862 -9.862e-09 0.868897 
9342.4 -3.79712e-08 11335.1 -4.86764 -9.88755e-09 0.857972 
9304.98 -3.80696e-08 11341.7 -4.87667 -9.91316e-09 0.846998 
9267.49 -3.81682e-08 11348.1 -4.88569 -9.93884e-09 0.835976 
9229.93 -3.82671e-08 11354.5 -4.89471 -9.96459e-09 0.824906 
9192.3 -3.83662e-08 11360.8 -4.90373 -9.99039e-09 0.813786 
9154.61 -3.84655e-08 11367 -4.91274 -1.00163e-08 0.802618 
9116.84 -3.85652e-08 11373.1 -4.92175 -1.00422e-08 0.7914 
9079 -3.8665e-08 11379.2 -4.93077 -1.00682e-08 0.780132 
9041.1 -3.87651e-08 11385.1 -4.93978 -1.00943e-08 0.768814 
9003.12 -3.88655e-08 11391 -4.94878 -1.01204e-08 0.757445 
8965.08 -3.89662e-08 11396.7 -4.95779 -1.01466e-08 0.746027 
8926.96 -3.90671e-08 11402.4 -4.96679 -1.01729e-08 0.734557 
8888.78 -3.91682e-08 11408 -4.97578 -1.01992e-08 0.723036 
8850.53 -3.92696e-08 11413.5 -4.98478 -1.02256e-08 0.711464 
8812.21 -3.93713e-08 11419 -4.99377 -1.02521e-08 0.69984 
8773.82 -3.94733e-08 11424.3 -5.00276 -1.02787e-08 0.688165 
8735.36 -3.95755e-08 11429.5 -5.01175 -1.03053e-08 0.676437 
8696.83 -3.9678e-08 11434.7 -5.02073 -1.0332e-08 0.664656 
8658.24 -3.97807e-08 11439.7 -5.02971 -1.03587e-08 0.652823 
8619.57 -3.98837e-08 11444.7 -5.03868 -1.03856e-08 0.640936 
8580.84 -3.9987e-08 11449.6 -5.04765 -1.04125e-08 0.628997 
8542.03 -4.00906e-08 11454.4 -5.05662 -1.04394e-08 0.617003 
8503.16 -4.01945e-08 11459.1 -5.06558 -1.04665e-08 0.604956 
8464.22 -4.02986e-08 11463.7 -5.07454 -1.04936e-08 0.592854 
8425.21 -4.0403e-08 11468.2 -5.08349 -1.05208e-08 0.580698 
8386.13 -4.05077e-08 11472.6 -5.09244 -1.0548e-08 0.568486 
8346.98 -4.06127e-08 11476.9 -5.10138 -1.05754e-08 0.55622 
8307.77 -4.0718e-08 11481.1 -5.11032 -1.06028e-08 0.543898 
8268.48 -4.08235e-08 11485.3 -5.11925 -1.06303e-08 0.53152 
8229.13 -4.09293e-08 11489.3 -5.12818 -1.06578e-08 0.519087 
8189.71 -4.10355e-08 11493.2 -5.13711 -1.06855e-08 0.506596 
8150.22 -4.11419e-08 11497.1 -5.14602 -1.07132e-08 0.494049 
8110.66 -4.12486e-08 11500.8 -5.15493 -1.0741e-08 0.481445 
8071.03 -4.13556e-08 11504.5 -5.16384 -1.07688e-08 0.468784 
8031.33 -4.14629e-08 11508 -5.17274 -1.07968e-08 0.456065 
7991.57 -4.15705e-08 11511.5 -5.18163 -1.08248e-08 0.443288 
7951.74 -4.16785e-08 11514.8 -5.19052 -1.08529e-08 0.430452 
7911.84 -4.17867e-08 11518.1 -5.1994 -1.08811e-08 0.417558 
7871.87 -4.18952e-08 11521.2 -5.20828 -1.09093e-08 0.404605 
7831.83 -4.2004e-08 11524.3 -5.21714 -1.09377e-08 0.391593 
7791.73 -4.21132e-08 11527.3 -5.226 -1.09661e-08 0.378521 
7751.55 -4.22226e-08 11530.1 -5.23485 -1.09946e-08 0.365389 
7711.31 -4.23324e-08 11532.9 -5.2437 -1.10232e-08 0.352196 
7671.01 -4.24424e-08 11535.5 -5.25254 -1.10518e-08 0.338943 
7630.63 -4.25528e-08 11538.1 -5.26137 -1.10806e-08 0.325629 
7590.18 -4.26635e-08 11540.5 -5.27019 -1.11094e-08 0.312253 
7549.67 -4.27746e-08 11542.9 -5.279 -1.11383e-08 0.298816 
7509.09 -4.28859e-08 11545.1 -5.28781 -1.11673e-08 0.285317 
7468.45 -4.29976e-08 11547.3 -5.2966 -1.11964e-08 0.271755 
7427.73 -4.31096e-08 11549.3 -5.30539 -1.12256e-08 0.258131 
7386.95 -4.3222e-08 11551.2 -5.31417 -1.12548e-08 0.244443 
7346.1 -4.33346e-08 11553 -5.32294 -1.12842e-08 0.230692 
7305.18 -4.34477e-08 11554.8 -5.33169 -1.13136e-08 0.216877 
7264.2 -4.3561e-08 11556.4 -5.34044 -1.13431e-08 0.202998 
7223.15 -4.36747e-08 11557.9 -5.34918 -1.13727e-08 0.189054 
7182.03 -4.37887e-08 11559.3 -5.35791 -1.14024e-08 0.175045 
7140.84 -4.39031e-08 11560.6 -5.36663 -1.14322e-08 0.160971 
7099.59 -4.40178e-08 11561.8 -5.37534 -1.1462e-08 0.146831 
7058.27 -4.41328e-08 11562.8 -5.38404 -1.1492e-08 0.132626 
7016.88 -4.42482e-08 11563.8 -5.39272 -1.1522e-08 0.118353 
6975.43 -4.4364e-08 11564.6 -5.4014 -1.15522e-08 0.104014 
6933.91 -4.44801e-08 11565.4 -5.41006 -1.15824e-08 0.0896079 
6892.33 -4.45965e-08 11566 -5.41871 -1.16128e-08 0.075134 
6850.67 -4.47134e-08 11566.5 -5.42735 -1.16432e-08 0.0605921 
6808.96 -4.48306e-08 11566.9 -5.43598 -1.16737e-08 0.0459818 
6767.17 -4.49481e-08 11567.2 -5.44459 -1.17043e-08 0.0313027 
6725.32 -4.5066e-08 11567.4 -5.4532 -1.1735e-08 0.0165545 
6683.4 -4.51843e-08 11567.5 -5.46178 -1.17658e-08 0.00173667 
6641.42 -4.5303e-08 11567.5 -5.47036 -1.17967e-08 -0.0131511 
6599.37 -4.5422e-08 11567.3 -5.47892 -1.18277e-08 -0.0281093 
6557.26 -4.55414e-08 11567 -5.48747 -1.18588e-08 -0.0431383 
6515.08 -4.56612e-08 11566.6 -5.496 -1.189e-08 -0.0582384 
6472.83 -4.57813e-08 11566.1 -5.50452 -1.19213e-08 -0.0734102 
6430.52 -4.59019e-08 11565.5 -5.51302 -1.19527e-08 -0.088654 
6388.15 -4.60228e-08 11564.8 -5.52151 -1.19841e-08 -0.10397 
6345.7 -4.61441e-08 11563.9 -5.52998 -1.20157e-08 -0.119359 
6303.2 -4.62658e-08 11562.9 -5.53844 -1.20474e-08 -0.134822 
6260.63 -4.63879e-08 11561.8 -5.54688 -1.20792e-08 -0.150358 
6217.99 -4.65104e-08 11560.6 -5.5553 -1.21111e-08 -0.165968 
6175.29 -4.66333e-08 11559.3 -5.56371 -1.21431e-08 -0.181653 
6132.53 -4.67566e-08 11557.8 -5.5721 -1.21752e-08 -0.197413 
6089.7 -4.68803e-08 11556.3 -5.58048 -1.22074e-08 -0.213248 
6046.8 -4.70044e-08 11554.6 -5.58883 -1.22398e-08 -0.229159 
6003.85 -4.7129e-08 11552.7 -5.59717 -1.22722e-08 -0.245146 
5960.82 -4.72539e-08 11550.8 -5.60549 -1.23047e-08 -0.261211 
5917.74 -4.73793e-08 11548.7 -5.61379 -1.23374e-08 -0.277352 
5874.59 -4.7505e-08 11546.5 -5.62207 -1.23701e-08 -0.293571 
5831.38 -4.76312e-08 11544.2 -5.63033 -1.2403e-08 -0.309868 
5788.1 -4.77579e-08 11541.8 -5.63857 -1.24359e-08 -0.326244 
5744.76 -4.78849e-08 11539.2 -5.6468 -1.2469e-08 -0.342699 
5701.36 -4.80124e-08 11536.5 -5.655 -1.25022e-08 -0.359233 
5657.89 -4.81403e-08 11533.7 -5.66318 -1.25355e-08 -0.375847 
5614.37 -4.82686e-08 11530.7 -5.67134 -1.2569e-08 -0.392542 
5570.77 -4.83974e-08 11527.7 -5.67947 -1.26025e-08 -0.409317 
5527.12 -4.85267e-08 11524.4 -5.68759 -1.26361e-08 -0.426174 
5483.41 -4.86564e-08 11521.1 -5.69568 -1.26699e-08 -0.443113 
5439.63 -4.87865e-08 11517.6 -5.70375 -1.27038e-08 -0.460134 
5395.79 -4.89171e-08 11514 -5.7118 -1.27378e-08 -0.477237 
5351.89 -4.90481e-08 11510.3 -5.71982 -1.27719e-08 -0.494424 
5307.93 -4.91796e-08 11506.4 -5.72782 -1.28062e-08 -0.511695 
5263.9 -4.93116e-08 11502.4 -5.73579 -1.28405e-08 -0.52905 
5219.82 -4.9444e-08 11498.3 -5.74374 -1.2875e-08 -0.54649 
5175.67 -4.95769e-08 11494.1 -5.75167 -1.29096e-08 -0.564015 
5131.47 -4.97103e-08 11489.7 -5.75956 -1.29443e-08 -0.581626 
5087.2 -4.98441e-08 11485.1 -5.76744 -1.29792e-08 -0.599323 
5042.87 -4.99785e-08 11480.4 -5.77528 -1.30142e-08 -0.617106 
4998.48 -5.01133e-08 11475.6 -5.7831 -1.30493e-08 -0.634977 
4954.04 -5.02486e-08 11470.7 -5.79089 -1.30845e-08 -0.652936 
4909.53 -5.03844e-08 11465.6 -5.79865 -1.31199e-08 -0.670983 
4864.96 -5.05206e-08 11460.4 -5.80638 -1.31554e-08 -0.689119 
4820.34 -5.06574e-08 11455 -5.81408 -1.3191e-08 -0.707344 
4775.65 -5.07947e-08 11449.5 -5.82175 -1.32267e-08 -0.725658 
4730.91 -5.09325e-08 11443.9 -5.8294 -1.32626e-08 -0.744063 
4686.1 -5.10708e-08 11438.1 -5.83701 -1.32986e-08 -0.762559 
4641.24 -5.12096e-08 11432.2 -5.84459 -1.33348e-08 -0.781147 
4596.32 -5.13489e-08 11426.1 -5.85214 -1.3371e-08 -0.799826 
4551.35 -5.14888e-08 11419.9 -5.85965 -1.34075e-08 -0.818598 
4506.31 -5.16292e-08 11413.5 -5.86714 -1.3444e-08 -0.837462 
4461.22 -5.17701e-08 11407 -5.87459 -1.34807e-08 -0.856421 
4416.07 -5.19115e-08 11400.4 -5.882 -1.35175e-08 -0.875473 
4370.87 -5.20535e-08 11393.6 -5.88938 -1.35545e-08 -0.89462 
4325.6 -5.2196e-08 11386.6 -5.89673 -1.35916e-08 -0.913862 
4280.28 -5.2339e-08 11379.5 -5.90404 -1.36289e-08 -0.933199 
4234.91 -5.24826e-08 11372.3 -5.91131 -1.36663e-08 -0.952633 
4189.48 -5.26268e-08 11364.9 -5.91855 -1.37038e-08 -0.972164 
4143.99 -5.27715e-08 11357.3 -5.92575 -1.37415e-08 -0.991792 
4098.45 -5.29168e-08 11349.7 -5.93291 -1.37793e-08 -1.01152 
4052.86 -5.30626e-08 11341.8 -5.94003 -1.38173e-08 -1.03134 
4007.21 -5.32091e-08 11333.8 -5.94711 -1.38554e-08 -1.05127 
3961.5 -5.3356e-08 11325.7 -5.95415 -1.38937e-08 -1.07129 
3915.74 -5.35036e-08 11317.4 -5.96115 -1.39321e-08 -1.09141 
3869.93 -5.36518e-08 11308.9 -5.96811 -1.39707e-08 -1.11164 
3824.07 -5.38005e-08 11300.3 -5.97503 -1.40094e-08 -1.13196 
3778.15 -5.39498e-08 11291.5 -5.9819 -1.40483e-08 -1.15239 
3732.18 -5.40998e-08 11282.6 -5.98873 -1.40873e-08 -1.17292 
3686.15 -5.42503e-08 11273.5 -5.99552 -1.41265e-08 -1.19355 
3640.08 -5.44014e-08 11264.2 -6.00226 -1.41659e-08 -1.21429 
3593.95 -5.45532e-08 11254.8 -6.00896 -1.42054e-08 -1.23513 
3547.77 -5.47056e-08 11245.3 -6.0156 -1.42451e-08 -1.25607 
3501.55 -5.48585e-08 11235.5 -6.0222 -1.42849e-08 -1.27713 
3455.27 -5.50122e-08 11225.6 -6.02876 -1.43249e-08 -1.29828 
3408.94 -5.51664e-08 11215.6 -6.03526 -1.43651e-08 -1.31955 
3362.56 -5.53213e-08 11205.4 -6.04172 -1.44054e-08 -1.34092 
3316.13 -5.54768e-08 11195 -6.04812 -1.44459e-08 -1.3624 
3269.65 -5.5633e-08 11184.4 -6.05447 -1.44866e-08 -1.38398 
3223.12 -5.57898e-08 11173.7 -6.06077 -1.45274e-08 -1.40568 
3176.55 -5.59473e-08 11162.9 -6.06702 -1.45684e-08 -1.42748 
3129.93 -5.61054e-08 11151.8 -6.07321 -1.46096e-08 -1.4494 
3083.26 -5.62642e-08 11140.6 -6.07935 -1.4651e-08 -1.47143 
3036.54 -5.64237e-08 11129.2 -6.08544 -1.46925e-08 -1.49356 
2989.78 -5.65839e-08 11117.6 -6.09146 -1.47342e-08 -1.51581 
2942.97 -5.67447e-08 11105.9 -6.09743 -1.47761e-08 -1.53818 
2896.12 -5.69062e-08 11094 -6.10334 -1.48181e-08 -1.56065 
2849.22 -5.70685e-08 11081.9 -6.1092 -1.48604e-08 -1.58324 
2802.27 -5.72314e-08 11069.7 -6.11499 -1.49028e-08 -1.60594 
2755.28 -5.7395e-08 11057.3 -6.12072 -1.49454e-08 -1.62876 
2708.25 -5.75594e-08 11044.7 -6.12639 -1.49882e-08 -1.6517 
2661.17 -5.77244e-08 11031.9 -6.132 -1.50312e-08 -1.67475 
2614.05 -5.78902e-08 11019 -6.13754 -1.50744e-08 -1.69792 
2566.89 -5.80568e-08 11005.8 -6.14302 -1.51177e-08 -1.7212 
2519.69 -5.8224e-08 10992.5 -6.14843 -1.51613e-08 -1.74461 
2472.45 -5.8392e-08 10979 -6.15377 -1.5205e-08 -1.76813 
2425.16 -5.85607e-08 10965.4 -6.15905 -1.5249e-08 -1.79177 
2377.84 -5.87302e-08 10951.5 -6.16426 -1.52931e-08 -1.81553 
2330.47 -5.89005e-08 10937.5 -6.16939 -1.53374e-08 -1.83941 
2283.07 -5.90715e-08 10923.2 -6.17446 -1.5382e-08 -1.86342 
2235.62 -5.92433e-08 10908.8 -6.17945 -1.54267e-08 -1.88754 
2188.14 -5.94159e-08 10894.2 -6.18437 -1.54716e-08 -1.91179 
2140.62 -5.95893e-08 10879.5 -6.18922 -1.55168e-08 -1.93616 
2093.07 -5.97634e-08 10864.5 -6.19399 -1.55621e-08 -1.96066 
2045.48 -5.99384e-08 10849.4 -6.19868 -1.56077e-08 -1.98528 
1997.85 -6.01141e-08 10834 -6.20329 -1.56535e-08 -2.01002 
1950.19 -6.02907e-08 10818.5 -6.20783 -1.56994e-08 -2.03489 
1902.49 -6.04681e-08 10802.7 -6.21228 -1.57456e-08 -2.05989 
1854.76 -6.06463e-08 10786.8 -6.21665 -1.5792e-08 -2.08501 
1807 -6.08254e-08 10770.7 -6.22094 -1.58387e-08 -2.11026 
1759.2 -6.10053e-08 10754.4 -6.22515 -1.58855e-08 -2.13564 
1711.37 -6.1186e-08 10737.9 -6.22926 -1.59326e-08 -2.16114 
1663.51 -6.13676e-08 10721.2 -6.2333 -1.59799e-08 -2.18678 
1615.62 -6.15501e-08 10704.3 -6.23724 -1.60274e-08 -2.21255 
1567.7 -6.17334e-08 10687.2 -6.24109 -1.60751e-08 -2.23844 
1519.75 -6.19176e-08 10669.9 -6.24486 -1.61231e-08 -2.26447 
1471.77 -6.21027e-08 10652.4 -6.24853 -1.61713e-08 -2.29063 
1423.76 -6.22887e-08 10634.7 -6.2521 -1.62197e-08 -2.31692 
1375.73 -6.24756e-08 10616.9 -6.25558 -1.62684e-08 -2.34334 
1327.67 -6.26634e-08 10598.8 -6.25897 -1.63173e-08 -2.3699 
1279.59 -6.28521e-08 10580.4 -6.26225 -1.63664e-08 -2.39659 
1231.47 -6.30417e-08 10561.9 -6.26544 -1.64158e-08 -2.42342 
1183.34 -6.32323e-08 10543.2 -6.26852 -1.64654e-08 -2.45038 
1135.18 -6.34238e-08 10524.3 -6.27151 -1.65153e-08 -2.47748 
1087 -6.36162e-08 10505.2 -6.27438 -1.65654e-08 -2.50471 
1038.8 -6.38096e-08 10485.8 -6.27715 -1.66157e-08 -2.53208 
990.578 -6.4004e-08 10466.3 -6.27982 -1.66664e-08 -2.55959 
942.336 -6.41993e-08 10446.5 -6.28237 -1.67172e-08 -2.58723 
894.074 -6.43957e-08 10426.5 -6.28482 -1.67683e-08 -2.61502 
845.794 -6.4593e-08 10406.3 -6.28715 -1.68197e-08 -2.64294 
797.496 -6.47913e-08 10385.9 -6.28937 -1.68714e-08 -2.671 
749.182 -6.49906e-08 10365.3 -6.29147 -1.69233e-08 -2.69921 
700.851 -6.51909e-08 10344.5 -6.29345 -1.69754e-08 -2.72755 
652.507 -6.53923e-08 10323.4 -6.29532 -1.70279e-08 -2.75604 
604.148 -6.55946e-08 10302.1 -6.29706 -1.70805e-08 -2.78466 
555.776 -6.57981e-08 10280.6 -6.29869 -1.71335e-08 -2.81343 
507.393 -6.60025e-08 10258.9 -6.30018 -1.71868e-08 -2.84234 
458.998 -6.62081e-08 10237 -6.30155 -1.72403e-08 -2.8714 
410.594 -6.64147e-08 10214.8 -6.30279 -1.72941e-08 -2.90059 
362.18 -6.66223e-08 10192.4 -6.3039 -1.73482e-08 -2.92994 
313.758 -6.68311e-08 10169.8 -6.30488 -1.74025e-08 -2.95942 
265.33 -6.70409e-08 10146.9 -6.30573 -1.74572e-08 -2.98905 
216.895 -6.72519e-08 10123.9 -6.30644 -1.75121e-08 -3.01883 
168.456 -6.7464e-08 10100.6 -6.30701 -1.75673e-08 -3.04875 
120.012 -6.76772e-08 10077 -6.30744 -1.76228e-08 -3.07882 
71.566 -6.78915e-08 10053.3 -6.30772 -1.76786e-08 -3.10904 
23.1182 -6.8107e-08 10029.3 -6.30787 -1.77348e-08 -3.1394 
-25.3301 -6.83236e-08 10005.1 -6.30786 -1.77912e-08 -3.16991 
-73.7779 -6.85414e-08 9980.59 -6.30771 -1.78479e-08 -3.20057 
-122.224 -6.87604e-08 9955.89 -6.30741 -1.79049e-08 -3.23137 
-170.667 -6.89806e-08 9930.95 -6.30695 -1.79622e-08 -3.26233 
-219.106 -6.92019e-08 9905.77 -6.30634 -1.80199e-08 -3.29343 
-267.54 -6.94245e-08 9880.36 -6.30557 -1.80778e-08 -3.32468 
-315.967 -6.96482e-08 9854.7 -6.30464 -1.81361e-08 -3.35608 
-364.386 -6.98732e-08 9828.8 -6.30355 -1.81947e-08 -3.38763 
-412.797 -7.00995e-08 9802.66 -6.3023 -1.82536e-08 -3.41933 
-461.197 -7.03269e-08 9776.28 -6.30088 -1.83128e-08 -3.45118 
-509.585 -7.05557e-08 9749.65 -6.29928 -1.83724e-08 -3.48319 
-557.961 -7.07857e-08 9722.77 -6.29752 -1.84323e-08 -3.51534 
-606.322 -7.10169e-08 9695.65 -6.29558 -1.84925e-08 -3.54764 
-654.668 -7.12495e-08 9668.28 -6.29347 -1.8553e-08 -3.58009 
-702.997 -7.14834e-08 9640.65 -6.29118 -1.86139e-08 -3.61269 
-751.308 -7.17185e-08 9612.78 -6.2887 -1.86752e-08 -3.64545 
-799.599 -7.1955e-08 9584.66 -6.28605 -1.87368e-08 -3.67835 
-847.869 -7.21928e-08 9556.28 -6.2832 -1.87987e-08 -3.71141 
-896.116 -7.2432e-08 9527.64 -6.28017 -1.8861e-08 -3.74462 
-944.339 -7.26725e-08 9498.75 -6.27694 -1.89236e-08 -3.77798 
-992.537 -7.29144e-08 9469.61 -6.27352 -1.89866e-08 -3.81149 
-1040.71 -7.31577e-08 9440.2 -6.2699 -1.90499e-08 -3.84515 
-1088.85 -7.34023e-08 9410.54 -6.26608 -1.91136e-08 -3.87896 
-1136.96 -7.36484e-08 9380.62 -6.26205 -1.91777e-08 -3.91292 
-1185.04 -7.38958e-08 9350.43 -6.25783 -1.92421e-08 -3.94704 
-1233.09 -7.41447e-08 9319.99 -6.25339 -1.93069e-08 -3.9813 
-1281.1 -7.4395e-08 9289.28 -6.24874 -1.93721e-08 -4.01572 
-1329.08 -7.46467e-08 9258.3 -6.24387 -1.94377e-08 -4.05028 
-1377.01 -7.48999e-08 9227.06 -6.23879 -1.95036e-08 -4.085 
-1424.91 -7.51546e-08 9195.55 -6.23349 -1.95699e-08 -4.11986 
-1472.77 -7.54107e-08 9163.77 -6.22796 -1.96366e-08 -4.15488 
-1520.58 -7.56684e-08 9131.72 -6.22221 -1.97037e-08 -4.19004 
-1568.35 -7.59275e-08 9099.41 -6.21623 -1.97712e-08 -4.22535 
-1616.07 -7.61881e-08 9066.82 -6.21001 -1.9839e-08 -4.26081 
-1663.74 -7.64503e-08 9033.96 -6.20356 -1.99073e-08 -4.29642 
-1711.36 -7.6714e-08 9000.82 -6.19687 -1.9976e-08 -4.33218 
-1758.93 -7.69792e-08 8967.41 -6.18993 -2.0045e-08 -4.36808 
-1806.45 -7.7246e-08 8933.72 -6.18275 -2.01145e-08 -4.40413 
-1853.91 -7.75144e-08 8899.75 -6.17532 -2.01844e-08 -4.44032 
-1901.31 -7.77843e-08 8865.51 -6.16764 -2.02547e-08 -4.47666 
-1948.65 -7.80558e-08 8830.99 -6.1597 -2.03254e-08 -4.51314 
-1995.93 -7.8329e-08 8796.18 -6.15151 -2.03965e-08 -4.54977 
-2043.14 -7.86037e-08 8761.1 -6.14305 -2.0468e-08 -4.58654 
-2090.29 -7.88801e-08 8725.73 -6.13432 -2.054e-08 -4.62345 
-2137.37 -7.9158e-08 8690.07 -6.12533 -2.06124e-08 -4.6605 
-2184.38 -7.94377e-08 8654.14 -6.11606 -2.06852e-08 -4.69769 
-2231.32 -7.9719e-08 8617.91 -6.10652 -2.07584e-08 -4.73502 
-2278.18 -8.00019e-08 8581.4 -6.0967 -2.08321e-08 -4.77249 
-2324.97 -8.02865e-08 8544.6 -6.08659 -2.09062e-08 -4.81009 
-2371.68 -8.05728e-08 8507.51 -6.07619 -2.09808e-08 -4.84783 
-2418.31 -8.08608e-08 8470.13 -6.06551 -2.10558e-08 -4.8857 
-2464.85 -8.11505e-08 8432.46 -6.05453 -2.11312e-08 -4.92371 
-2511.31 -8.14419e-08 8394.5 -6.04325 -2.12071e-08 -4.96185 
-2557.69 -8.1735e-08 8356.24 -6.03167 -2.12834e-08 -5.00012 
-2603.97 -8.20299e-08 8317.69 -6.01978 -2.13602e-08 -5.03852 
-2650.16 -8.23265e-08 8278.84 -6.00758 -2.14374e-08 -5.07704 
-2696.25 -8.26248e-08 8239.7 -5.99508 -2.15151e-08 -5.11569 
-2742.25 -8.2925e-08 8200.26 -5.98225 -2.15933e-08 -5.15446 
-2788.14 -8.32268e-08 8160.52 -5.9691 -2.16719e-08 -5.19336 
-2833.94 -8.35305e-08 8120.48 -5.95563 -2.17509e-08 -5.23237 
-2879.63 -8.38359e-08 8080.14 -5.94183 -2.18305e-08 -5.27151 
-2925.21 -8.41431e-08 8039.5 -5.92769 -2.19105e-08 -5.31076 
-2970.68 -8.44521e-08 7998.56 -5.91322 -2.19909e-08 -5.35012 
-3016.04 -8.47629e-08 7957.32 -5.89841 -2.20718e-08 -5.3896 
-3061.29 -8.50755e-08 7915.77 -5.88325 -2.21532e-08 -5.42919 
-3106.42 -8.53899e-08 7873.92 -5.86774 -2.22351e-08 -5.46888 
-3151.42 -8.57061e-08 7831.76 -5.85189 -2.23175e-08 -5.50868 
-3196.31 -8.60242e-08 7789.3 -5.83567 -2.24003e-08 -5.54858 
-3241.07 -8.6344e-08 7746.53 -5.8191 -2.24836e-08 -5.58859 
-3285.7 -8.66657e-08 7703.45 -5.80215 -2.25673e-08 -5.62869 
-3330.19 -8.69893e-08 7660.07 -5.78484 -2.26516e-08 -5.66889 
-3374.56 -8.73146e-08 7616.37 -5.76716 -2.27363e-08 -5.70918 
-3418.78 -8.76418e-08 7572.37 -5.7491 -2.28215e-08 -5.74955 
-3462.87 -8.79709e-08 7528.05 -5.73066 -2.29072e-08 -5.79002 
-3506.81 -8.83017e-08 7483.42 -5.71183 -2.29933e-08 -5.83057 
-3550.61 -8.86344e-08 7438.49 -5.69262 -2.308e-08 -5.8712 
-3594.26 -8.8969e-08 7393.24 -5.67301 -2.31671e-08 -5.9119 
-3637.75 -8.93054e-08 7347.67 -5.653 -2.32547e-08 -5.95268 
-3681.09 -8.96436e-08 7301.8 -5.63259 -2.33427e-08 -5.99353 
-3724.28 -8.99836e-08 7255.6 -5.61178 -2.34313e-08 -6.03445 
-3767.3 -9.03254e-08 7209.1 -5.59056 -2.35203e-08 -6.07543 
-3810.15 -9.06691e-08 7162.28 -5.56892 -2.36098e-08 -6.11646 
-3852.84 -9.10146e-08 7115.14 -5.54686 -2.36998e-08 -6.15756 
-3895.36 -9.13619e-08 7067.69 -5.52438 -2.37902e-08 -6.1987 
-3937.7 -9.1711e-08 7019.92 -5.50148 -2.38811e-08 -6.2399 
-3979.87 -9.20619e-08 6971.84 -5.47814 -2.39724e-08 -6.28113 
-4021.85 -9.24145e-08 6923.44 -5.45437 -2.40643e-08 -6.32241 
-4063.65 -9.27689e-08 6874.72 -5.43017 -2.41566e-08 -6.36372 
-4105.26 -9.31251e-08 6825.68 -5.40552 -2.42493e-08 -6.40506 
-4146.68 -9.3483e-08 6776.33 -5.38042 -2.43425e-08 -6.44642 
-4187.91 -9.38426e-08 6726.66 -5.35488 -2.44362e-08 -6.4878 
-4228.94 -9.4204e-08 6676.67 -5.32888 -2.45302e-08 -6.52921 
-4269.77 -9.4567e-08 6626.36 -5.30242 -2.46248e-08 -6.57062 
-4310.39 -9.49317e-08 6575.73 -5.27551 -2.47197e-08 -6.61203 
-4350.81 -9.5298e-08 6524.79 -5.24813 -2.48151e-08 -6.65345 
-4391.01 -9.5666e-08 6473.53 -5.22027 -2.49109e-08 -6.69486 
-4430.99 -9.60356e-08 6421.95 -5.19195 -2.50072e-08 -6.73626 
-4470.76 -9.64067e-08 6370.05 -5.16315 -2.51038e-08 -6.77765 
-4510.31 -9.67794e-08 6317.84 -5.13387 -2.52009e-08 -6.81901 
-4549.62 -9.71536e-08 6265.3 -5.10411 -2.52983e-08 -6.86035 
-4588.71 -9.75292e-08 6212.45 -5.07386 -2.53961e-08 -6.90165 
-4627.56 -9.79064e-08 6159.29 -5.04312 -2.54943e-08 -6.94291 
-4666.18 -9.82849e-08 6105.8 -5.01189 -2.55929e-08 -6.98413 
-4704.55 -9.86648e-08 6052 -4.98016 -2.56918e-08 -7.02529 
-4742.68 -9.90461e-08 5997.89 -4.94794 -2.57911e-08 -7.0664 
-4780.55 -9.94286e-08 5943.45 -4.91521 -2.58907e-08 -7.10744 
-4818.18 -9.98125e-08 5888.71 -4.88197 -2.59906e-08 -7.1484 
-4855.55 -1.00197e-07 5833.65 -4.84823 -2.60909e-08 -7.18929 
-4892.65 -1.00584e-07 5778.27 -4.81398 -2.61915e-08 -7.23009 
-4929.49 -1.00971e-07 5722.58 -4.77921 -2.62923e-08 -7.2708 
-4966.07 -1.01359e-07 5666.58 -4.74393 -2.63934e-08 -7.31141 
-5002.36 -1.01749e-07 5610.27 -4.70812 -2.64948e-08 -7.35191 
-5038.39 -1.02139e-07 5553.65 -4.6718 -2.65964e-08 -7.3923 
-5074.13 -1.0253e-07 5496.72 -4.63496 -2.66982e-08 -7.43256 
-5109.58 -1.02922e-07 5439.48 -4.59758 -2.68003e-08 -7.47269 
-5144.75 -1.03314e-07 5381.93 -4.55969 -2.69025e-08 -7.51268 
-5179.62 -1.03708e-07 5324.07 -4.52126 -2.7005e-08 -7.55253 
-5214.2 -1.04102e-07 5265.91 -4.4823 -2.71075e-08 -7.59222 
-5248.48 -1.04496e-07 5207.45 -4.44281 -2.72102e-08 -7.63176 
-5282.45 -1.04891e-07 5148.68 -4.40279 -2.73131e-08 -7.67111 
-5316.11 -1.05286e-07 5089.61 -4.36223 -2.7416e-08 -7.71029 
-5349.45 -1.05682e-07 5030.24 -4.32113 -2.7519e-08 -7.74929 
-5382.48 -1.06077e-07 4970.57 -4.2795 -2.7622e-08 -7.78808 
-5415.19 -1.06473e-07 4910.61 -4.23733 -2.77251e-08 -7.82667 
-5447.57 -1.06869e-07 4850.34 -4.19462 -2.78281e-08 -7.86505 
-5479.62 -1.07265e-07 4789.79 -4.15137 -2.79312e-08 -7.9032 
-5511.34 -1.0766e-07 4728.94 -4.10759 -2.80341e-08 -7.94112 
-5542.72 -1.08055e-07 4667.81 -4.06326 -2.8137e-08 -7.9788 
-5573.76 -1.0845e-07 4606.38 -4.0184 -2.82398e-08 -8.01623 
-5604.45 -1.08844e-07 4544.67 -3.97299 -2.83424e-08 -8.0534 
-5634.79 -1.09238e-07 4482.67 -3.92705 -2.84449e-08 -8.0903 
-5664.77 -1.0963e-07 4420.39 -3.88057 -2.85472e-08 -8.12692 
-5694.39 -1.10022e-07 4357.83 -3.83355 -2.86492e-08 -8.16326 
-5723.66 -1.10413e-07 4294.99 -3.786 -2.8751e-08 -8.19929 
-5752.55 -1.10803e-07 4231.88 -3.73791 -2.88525e-08 -8.23502 
-5781.07 -1.11191e-07 4168.49 -3.68929 -2.89536e-08 -8.27043 
-5809.22 -1.11578e-07 4104.84 -3.64014 -2.90543e-08 -8.30552 
-5836.99 -1.11964e-07 4040.91 -3.59046 -2.91547e-08 -8.34027 
-5864.37 -1.12347e-07 3976.72 -3.54025 -2.92546e-08 -8.37467 
-5891.37 -1.12729e-07 3912.27 -3.48952 -2.9354e-08 -8.40871 
-5917.98 -1.13109e-07 3847.55 -3.43827 -2.94529e-08 -8.44239 
-5944.19 -1.13486e-07 3782.58 -3.3865 -2.95512e-08 -8.47569 
-5970 -1.13862e-07 3717.36 -3.33421 -2.96489e-08 -8.50861 
-5995.4 -1.14234e-07 3651.88 -3.28141 -2.9746e-08 -8.54112 
-6020.4 -1.14605e-07 3586.16 -3.2281 -2.98424e-08 -8.57324 
-6044.99 -1.14972e-07 3520.19 -3.17429 -2.9938e-08 -8.60493 
-6069.16 -1.15336e-07 3453.98 -3.11997 -3.00329e-08 -8.6362 
-6092.91 -1.15697e-07 3387.53 -3.06516 -3.0127e-08 -8.66703 
-6116.24 -1.16055e-07 3320.84 -3.00986 -3.02201e-08 -8.69742 
-6139.15 -1.16409e-07 3253.92 -2.95407 -3.03124e-08 -8.72735 
-6161.62 -1.1676e-07 3186.78 -2.8978 -3.04037e-08 -8.75681 
-6183.66 -1.17107e-07 3119.41 -2.84105 -3.0494e-08 -8.7858 
-6205.26 -1.17449e-07 3051.82 -2.78383 -3.05832e-08 -8.8143 
-6226.42 -1.17788e-07 2984.01 -2.72615 -3.06713e-08 -8.8423 
-6247.14 -1.18122e-07 2915.99 -2.66801 -3.07583e-08 -8.8698 
-6267.4 -1.18451e-07 2847.76 -2.60942 -3.0844e-08 -8.89679 
-6287.22 -1.18776e-07 2779.33 -2.55038 -3.09285e-08 -8.92325 
-6306.58 -1.19095e-07 2710.69 -2.49091 -3.10117e-08 -8.94918 
-6325.48 -1.1941e-07 2641.86 -2.431 -3.10936e-08 -8.97456 
-6343.92 -1.19718e-07 2572.83 -2.37068 -3.1174e-08 -8.99939 
-6361.9 -1.20022e-07 2503.62 -2.30993 -3.1253e-08 -9.02366 
-6379.4 -1.20319e-07 2434.22 -2.24878 -3.13305e-08 -9.04736 
-6396.44 -1.20611e-07 2364.64 -2.18723 -3.14064e-08 -9.07048 
-6413 -1.20896e-07 2294.89 -2.12529 -3.14807e-08 -9.09301 
-6429.09 -1.21175e-07 2224.97 -2.06297 -3.15534e-08 -9.11494 
-6444.69 -1.21448e-07 2154.87 -2.00028 -3.16244e-08 -9.13627 
-6459.81 -1.21714e-07 2084.62 -1.93722 -3.16936e-08 -9.15699 
-6474.45 -1.21973e-07 2014.21 -1.87381 -3.1761e-08 -9.17708 
-6488.6 -1.22225e-07 1943.65 -1.81006 -3.18266e-08 -9.19655 
-6502.25 -1.22469e-07 1872.95 -1.74597 -3.18903e-08 -9.21537 
-6515.41 -1.22706e-07 1802.1 -1.68156 -3.19521e-08 -9.23356 
-6528.08 -1.22936e-07 1731.11 -1.61683 -3.20118e-08 -9.25109 
-6540.25 -1.23158e-07 1659.99 -1.55181 -3.20696e-08 -9.26796 
-6551.92 -1.23372e-07 1588.74 -1.48649 -3.21253e-08 -9.28417 
-6563.08 -1.23577e-07 1517.37 -1.42089 -3.21788e-08 -9.29971 
-6573.74 -1.23775e-07 1445.89 -1.35502 -3.22302e-08 -9.31456 
-6583.9 -1.23964e-07 1374.29 -1.2889 -3.22795e-08 -9.32874 
-6593.54 -1.24144e-07 1302.59 -1.22253 -3.23265e-08 -9.34222 
-6602.68 -1.24316e-07 1230.79 -1.15592 -3.23712e-08 -9.35501 
-6611.3 -1.24479e-07 1158.89 -1.0891 -3.24137e-08 -9.36709 
-6619.41 -1.24633e-07 1086.9 -1.02206 -3.24538e-08 -9.37847 
-6627 -1.24778e-07 1014.82 -0.954827 -3.24916e-08 -9.38914 
-6634.07 -1.24914e-07 942.672 -0.887408 -3.25269e-08 -9.39909 
-6640.63 -1.25041e-07 870.445 -0.819817 -3.25599e-08 -9.40832 
-6646.67 -1.25158e-07 798.15 -0.752066 -3.25904e-08 -9.41683 
-6652.18 -1.25266e-07 725.793 -0.684169 -3.26184e-08 -9.42461 
-6657.18 -1.25364e-07 653.379 -0.616137 -3.2644e-08 -9.43166 
-6661.65 -1.25452e-07 580.913 -0.547985 -3.2667e-08 -9.43798 
-6665.59 -1.25531e-07 508.402 -0.479726 -3.26876e-08 -9.44355 
-6669.02 -1.256e-07 435.851 -0.411372 -3.27056e-08 -9.44839 
-6671.91 -1.25659e-07 363.265 -0.342937 -3.2721e-08 -9.45249 
-6674.28 -1.25709e-07 290.651 -0.274435 -3.27339e-08 -9.45585 
-6676.13 -1.25748e-07 218.013 -0.205879 -3.27442e-08 -9.45846 
-6677.45 -1.25778e-07 145.359 -0.137282 -3.27519e-08 -9.46033 
-6678.24 -1.25798e-07 72.6932 -0.0686585 -3.27571e-08 -9.46145 
-6678.5 -1.25808e-07 0.0215418 -2.11129e-05 -3.27596e-08 -9.46182 
