20032.5 -2.47423e-11 244.95 -0.0771248 -6.44264e-13 3.15347 
20023.7 -7.33019e-11 487.108 -0.153404 -1.90871e-12 3.15208 
20008.9 -1.22115e-10 729.124 -0.229706 -3.17975e-12 3.14976 
19988.4 -1.71189e-10 970.926 -0.306042 -4.45759e-12 3.14651 
19961.9 -2.20532e-10 1212.44 -0.382422 -5.74242e-12 3.14234 
19929.6 -2.70151e-10 1453.6 -0.458858 -7.03445e-12 3.13723 
19891.4 -3.20055e-10 1694.34 -0.535361 -8.33389e-12 3.13118 
19847.4 -3.70252e-10 1934.57 -0.611943 -9.64098e-12 3.12419 
19797.4 -4.20752e-10 2174.22 -0.688614 -1.0956e-11 3.11624 
19741.6 -4.71565e-10 2413.23 -0.765385 -1.22791e-11 3.10733 
19679.9 -5.22699e-10 2651.52 -0.842269 -1.36105e-11 3.09746 
19612.2 -5.74167e-10 2889.02 -0.919275 -1.49507e-11 3.0866 
19538.6 -6.25977e-10 3125.64 -0.996416 -1.62998e-11 3.07475 
19459.1 -6.78143e-10 3361.31 -1.0737 -1.76581e-11 3.06189 
19373.7 -7.30675e-10 3595.95 -1.15115 -1.9026e-11 3.04801 
19282.3 -7.83586e-10 3829.49 -1.22876 -2.04037e-11 3.0331 
19184.9 -8.36888e-10 4061.85 -1.30655 -2.17917e-11 3.01715 
19081.6 -8.90596e-10 4292.94 -1.38453 -2.31902e-11 3.00012 
18972.3 -9.44722e-10 4522.68 -1.46271 -2.45995e-11 2.98201 
18856.9 -9.99282e-10 4750.98 -1.5411 -2.60202e-11 2.96279 
18735.5 -1.05429e-09 4977.77 -1.61972 -2.74526e-11 2.94244 
18608.1 -1.10976e-09 5202.95 -1.69858 -2.8897e-11 2.92094 
18474.6 -1.16572e-09 5426.43 -1.77768 -3.03539e-11 2.89827 
18335 -1.22217e-09 5648.13 -1.85704 -3.18238e-11 2.87439 
18189.3 -1.27913e-09 5867.94 -1.93666 -3.33071e-11 2.84928 
18037.5 -1.33663e-09 6085.78 -2.01657 -3.48044e-11 2.82292 
17879.6 -1.39469e-09 6301.54 -2.09676 -3.6316e-11 2.79526 
17715.4 -1.45331e-09 6515.13 -2.17725 -3.78426e-11 2.76627 
17545.1 -1.51254e-09 6726.44 -2.25806 -3.93847e-11 2.73593 
17368.5 -1.57238e-09 6935.37 -2.33918 -4.09428e-11 2.70418 
17185.8 -1.63286e-09 7141.8 -2.42064 -4.25177e-11 2.67099 
16996.7 -1.69401e-09 7345.63 -2.50244 -4.41099e-11 2.63633 
16801.3 -1.75584e-09 7546.73 -2.58458 -4.572e-11 2.60013 
16599.7 -1.8184e-09 7745 -2.66708 -4.73489e-11 2.56235 
16391.6 -1.8817e-09 7940.3 -2.74995 -4.89971e-11 2.52295 
16177.2 -1.94578e-09 8132.51 -2.8332 -5.06656e-11 2.48187 
15956.4 -2.01066e-09 8321.5 -2.91682 -5.2355e-11 2.43905 
15729.2 -2.07638e-09 8507.13 -3.00084 -5.40663e-11 2.39442 
15495.4 -2.14298e-09 8689.26 -3.08525 -5.58003e-11 2.34793 
15255.2 -2.21048e-09 8867.75 -3.17005 -5.7558e-11 2.29951 
15008.5 -2.27893e-09 9042.45 -3.25526 -5.93403e-11 2.24908 
14755.2 -2.34837e-09 9213.19 -3.34088 -6.11484e-11 2.19656 
14495.3 -2.41884e-09 9379.81 -3.4269 -6.29833e-11 2.14188 
14228.7 -2.49039e-09 9542.15 -3.51333 -6.48463e-11 2.08494 
13955.6 -2.56306e-09 9700.02 -3.60016 -6.67384e-11 2.02566 
13675.7 -2.6369e-09 9853.25 -3.68739 -6.86611e-11 1.96392 
13389.1 -2.71198e-09 10001.6 -3.77501 -7.06158e-11 1.89964 
13095.8 -2.78833e-09 10145 -3.86302 -7.26039e-11 1.83269 
12795.7 -2.86603e-09 10283.1 -3.9514 -7.46269e-11 1.76295 
12488.8 -2.94514e-09 10415.7 -4.04013 -7.66867e-11 1.69031 
12175.1 -3.02572e-09 10542.7 -4.1292 -7.87849e-11 1.61461 
11854.5 -3.10785e-09 10663.7 -4.21857 -8.09234e-11 1.53573 
11527 -3.19162e-09 10778.5 -4.30823 -8.31043e-11 1.4535 
11192.7 -3.27709e-09 10886.9 -4.39814 -8.53297e-11 1.36776 
10851.4 -3.36437e-09 10988.5 -4.48825 -8.76021e-11 1.27833 
10503.2 -3.45354e-09 11083.1 -4.57851 -8.99238e-11 1.18502 
10148.1 -3.54471e-09 11170.4 -4.66887 -9.22975e-11 1.08764 
9786.05 -3.63799e-09 11250.1 -4.75926 -9.47261e-11 0.985967 
9417.04 -3.7335e-09 11321.8 -4.84959 -9.72128e-11 0.879774 
9041.1 -3.83136e-09 11385.1 -4.93977 -9.97608e-11 0.768813 
8658.24 -3.93173e-09 11439.7 -5.0297 -1.02374e-10 0.652822 
8268.48 -4.03474e-09 11485.3 -5.11925 -1.05056e-10 0.53152 
7871.87 -4.14056e-09 11521.2 -5.20827 -1.07811e-10 0.404605 
7468.45 -4.24937e-09 11547.3 -5.2966 -1.10644e-10 0.271755 
7058.27 -4.36136e-09 11562.8 -5.38404 -1.13559e-10 0.132625 
6641.42 -4.47674e-09 11567.5 -5.47036 -1.16563e-10 -0.0131516 
6217.99 -4.59574e-09 11560.6 -5.5553 -1.19661e-10 -0.165969 
5788.1 -4.71862e-09 11541.8 -5.63857 -1.2286e-10 -0.326244 
5351.89 -4.84563e-09 11510.3 -5.71982 -1.26166e-10 -0.494425 
4909.53 -4.9771e-09 11465.6 -5.79865 -1.29589e-10 -0.670983 
4461.22 -5.11335e-09 11407 -5.87459 -1.33135e-10 -0.856421 
4007.21 -5.25474e-09 11333.8 -5.94711 -1.36816e-10 -1.05127 
3547.77 -5.40168e-09 11245.3 -6.0156 -1.40641e-10 -1.25608 
3083.26 -5.55462e-09 11140.6 -6.07935 -1.44622e-10 -1.47143 
2614.05 -5.71404e-09 11019 -6.13754 -1.48771e-10 -1.69792 
2140.62 -5.88049e-09 10879.5 -6.18922 -1.53104e-10 -1.93616 
1663.51 -6.05457e-09 10721.2 -6.2333 -1.57635e-10 -2.18678 
1183.34 -6.23694e-09 10543.2 -6.26852 -1.62381e-10 -2.45038 
700.851 -6.42834e-09 10344.5 -6.29345 -1.67362e-10 -2.72755 
216.895 -6.62957e-09 10123.9 -6.30643 -1.72599e-10 -3.01883 
-267.54 -6.84151e-09 9880.36 -6.30557 -1.78114e-10 -3.32468 
-751.308 -7.06512e-09 9612.78 -6.2887 -1.83933e-10 -3.64545 
-1233.09 -7.30142e-09 9319.99 -6.25339 -1.90081e-10 -3.9813 
-1711.36 -7.55149e-09 9000.82 -6.19687 -1.96588e-10 -4.33218 
-2184.38 -7.81646e-09 8654.14 -6.11606 -2.03482e-10 -4.69769 
-2650.16 -8.09742e-09 8278.84 -6.00758 -2.10791e-10 -5.07704 
-3106.42 -8.39537e-09 7873.92 -5.86774 -2.18542e-10 -5.46888 
-3550.61 -8.71112e-09 7438.49 -5.69262 -2.26755e-10 -5.8712 
-3979.87 -9.04508e-09 6971.84 -5.47814 -2.35442e-10 -6.28113 
-4391.01 -9.39702e-09 6473.53 -5.22027 -2.44595e-10 -6.69486 
-4780.55 -9.7657e-09 5943.45 -4.91521 -2.54183e-10 -7.10744 
-5144.75 -1.01484e-08 5381.93 -4.55968 -2.64137e-10 -7.51268 
-5479.62 -1.05405e-08 4789.79 -4.15137 -2.74331e-10 -7.9032 
-5781.07 -1.09344e-08 4168.49 -3.68929 -2.84575e-10 -8.27043 
-6044.99 -1.13196e-08 3520.19 -3.17428 -2.94591e-10 -8.60493 
-6267.4 -1.16821e-08 2847.76 -2.60942 -3.04015e-10 -8.89679 
-6444.69 -1.20047e-08 2154.87 -2.00028 -3.12403e-10 -9.13627 
-6573.74 -1.22688e-08 1445.89 -1.35502 -3.1927e-10 -9.31456 
-6652.18 -1.24565e-08 725.793 -0.684168 -3.2415e-10 -9.42461 
-6678.5 -1.25522e-08 0.0215417 -2.03539e-05 -3.26639e-10 -9.46182 
