20032.5 -2.47423e-05 245.244 -0.0763336 -6.44264e-07 3.16111 
20023.7 -7.33019e-05 487.402 -0.152707 -1.90871e-06 3.15972 
20009 -0.000122115 729.418 -0.229103 -3.17975e-06 3.15741 
19988.4 -0.000171189 971.22 -0.305532 -4.45759e-06 3.15418 
19961.9 -0.000220532 1212.74 -0.382006 -5.74242e-06 3.15001 
19929.6 -0.000270151 1453.9 -0.458536 -7.03445e-06 3.1449 
19891.4 -0.000320055 1694.63 -0.535133 -8.33389e-06 3.13886 
19847.4 -0.000370252 1934.86 -0.611808 -9.64098e-06 3.13187 
19797.4 -0.000420752 2174.52 -0.688572 -1.0956e-05 3.12392 
19741.6 -0.000471565 2413.53 -0.765438 -1.22791e-05 3.11501 
19679.9 -0.000522699 2651.82 -0.842414 -1.36105e-05 3.10513 
19612.2 -0.000574167 2889.31 -0.919514 -1.49507e-05 3.09427 
19538.6 -0.000625977 3125.93 -0.996749 -1.62998e-05 3.08242 
19459.1 -0.000678143 3361.6 -1.07413 -1.76581e-05 3.06956 
19373.7 -0.000730675 3596.25 -1.15166 -1.9026e-05 3.05568 
19282.3 -0.000783586 3829.79 -1.22937 -2.04037e-05 3.04076 
19184.9 -0.000836888 4062.14 -1.30725 -2.17917e-05 3.02479 
19081.6 -0.000890596 4293.23 -1.38533 -2.31902e-05 3.00776 
18972.2 -0.000944722 4522.97 -1.4636 -2.45995e-05 2.98963 
18856.9 -0.000999282 4751.27 -1.54209 -2.60202e-05 2.9704 
18735.5 -0.00105429 4978.06 -1.62081 -2.74526e-05 2.95004 
18608.1 -0.00110976 5203.24 -1.69975 -2.8897e-05 2.92853 
18474.5 -0.00116572 5426.72 -1.77895 -3.03539e-05 2.90584 
18335 -0.00122217 5648.42 -1.8584 -3.18238e-05 2.88195 
18189.3 -0.00127913 5868.23 -1.93812 -3.33071e-05 2.85682 
18037.5 -0.00133663 6086.07 -2.01812 -3.48044e-05 2.83044 
17879.5 -0.00139469 6301.83 -2.09841 -3.6316e-05 2.80276 
17715.4 -0.00145331 6515.42 -2.179 -3.78426e-05 2.77375 
17545 -0.00151254 6726.73 -2.2599 -3.93847e-05 2.74338 
17368.5 -0.00157238 6935.65 -2.34112 -4.09428e-05 2.71161 
17185.7 -0.00163286 7142.08 -2.42267 -4.25177e-05 2.6784 
16996.6 -0.00169401 7345.91 -2.50456 -4.41099e-05 2.64371 
16801.3 -0.00175584 7547.01 -2.5868 -4.572e-05 2.60748 
16599.6 -0.0018184 7745.28 -2.6694 -4.73489e-05 2.56968 
16391.5 -0.0018817 7940.58 -2.75237 -4.89971e-05 2.53024 
16177.1 -0.00194578 8132.79 -2.83571 -5.06656e-05 2.48913 
15956.3 -0.00201066 8321.78 -2.91943 -5.2355e-05 2.44627 
15729.1 -0.00207638 8507.41 -3.00354 -5.40663e-05 2.40161 
15495.3 -0.00214298 8689.54 -3.08805 -5.58003e-05 2.35508 
15255.1 -0.00221048 8868.03 -3.17295 -5.7558e-05 2.30662 
15008.4 -0.00227893 9042.72 -3.25826 -5.93403e-05 2.25615 
14755 -0.00234837 9213.46 -3.34398 -6.11484e-05 2.20359 
14495.1 -0.00241884 9380.08 -3.4301 -6.29833e-05 2.14886 
14228.6 -0.00249039 9542.41 -3.51662 -6.48463e-05 2.09188 
13955.4 -0.00256306 9700.29 -3.60355 -6.67384e-05 2.03255 
13675.6 -0.0026369 9853.51 -3.69088 -6.86611e-05 1.97076 
13389 -0.00271198 10001.9 -3.77861 -7.06158e-05 1.90642 
13095.7 -0.00278833 10145.2 -3.86671 -7.26039e-05 1.83942 
12795.6 -0.00286603 10283.3 -3.95519 -7.46269e-05 1.76963 
12488.7 -0.00294514 10416 -4.04402 -7.66867e-05 1.69692 
12174.9 -0.00302572 10542.9 -4.13319 -7.87849e-05 1.62117 
11854.3 -0.00310785 10663.9 -4.22267 -8.09234e-05 1.54222 
11526.9 -0.00319162 10778.7 -4.31244 -8.31043e-05 1.45993 
11192.5 -0.00327709 10887.1 -4.40245 -8.53297e-05 1.37411 
10851.3 -0.00336437 10988.7 -4.49266 -8.76021e-05 1.28461 
10503.1 -0.00345354 11083.4 -4.58302 -8.99238e-05 1.19124 
10147.9 -0.00354471 11170.7 -4.67349 -9.22975e-05 1.09378 
9785.87 -0.00363799 11250.3 -4.76398 -9.47261e-05 0.992025 
9416.85 -0.0037335 11322 -4.85441 -9.72128e-05 0.885748 
9040.91 -0.00383136 11385.3 -4.9447 -9.97608e-05 0.774702 
8658.04 -0.00393173 11440 -5.03474 -0.000102374 0.658622 
8268.29 -0.00403474 11485.5 -5.12439 -0.000105056 0.537226 
7871.67 -0.00414056 11521.5 -5.21352 -0.000107811 0.410215 
7468.24 -0.00424937 11547.5 -5.30195 -0.000110644 0.277264 
7058.06 -0.00436136 11563 -5.38949 -0.000113559 0.138031 
6641.21 -0.00447674 11567.7 -5.47592 -0.000116563 -0.00785432 
6217.77 -0.00459574 11560.8 -5.56097 -0.000119661 -0.160784 
5787.88 -0.00471862 11542 -5.64434 -0.00012286 -0.321176 
5351.66 -0.00484563 11510.5 -5.72569 -0.000126166 -0.489478 
4909.3 -0.0049771 11465.8 -5.80462 -0.000129589 -0.666163 
4460.99 -0.00511335 11407.2 -5.88067 -0.000133135 -0.851732 
4006.97 -0.00525474 11334 -5.95329 -0.000136816 -1.04671 
3547.53 -0.00540168 11245.4 -6.02189 -0.000140641 -1.25166 
3083.01 -0.00555462 11140.8 -6.08574 -0.000144622 -1.46716 
2613.81 -0.00571404 11019.1 -6.14402 -0.000148771 -1.6938 
2140.37 -0.00588049 10879.6 -6.1958 -0.000153104 -1.93221 
1663.25 -0.00605457 10721.4 -6.23997 -0.000157635 -2.18299 
1183.08 -0.00623694 10543.4 -6.27529 -0.000162381 -2.44676 
700.589 -0.00642834 10344.6 -6.30031 -0.000167362 -2.7241 
216.629 -0.00662957 10124 -6.31338 -0.000172599 -3.01557 
-267.809 -0.00684151 9880.48 -6.3126 -0.000178114 -3.3216 
-751.58 -0.00706512 9612.89 -6.29582 -0.000183933 -3.64256 
-1233.36 -0.00730142 9320.09 -6.26058 -0.000190081 -3.97861 
-1711.64 -0.00755149 9000.92 -6.20412 -0.000196588 -4.32968 
-2184.66 -0.00781646 8654.23 -6.12339 -0.000203482 -4.6954 
-2650.44 -0.00809742 8278.93 -6.01497 -0.000210791 -5.07495 
-3106.7 -0.00839537 7874 -5.87519 -0.000218542 -5.467 
-3550.9 -0.00871112 7438.55 -5.70011 -0.000226755 -5.86952 
-3980.15 -0.00904508 6971.9 -5.48568 -0.000235442 -6.27966 
-4391.3 -0.00939702 6473.58 -5.22784 -0.000244595 -6.69358 
-4780.85 -0.0097657 5943.5 -4.92281 -0.000254183 -7.10634 
-5145.04 -0.0101484 5381.97 -4.56731 -0.000264137 -7.51176 
-5479.92 -0.0105405 4789.82 -4.15901 -0.000274331 -7.90243 
-5781.37 -0.0109344 4168.52 -3.69695 -0.000284575 -8.2698 
-6045.28 -0.0113196 3520.21 -3.18195 -0.000294591 -8.60441 
-6267.7 -0.0116821 2847.79 -2.61709 -0.000304015 -8.89635 
-6444.99 -0.0120047 2154.89 -2.00796 -0.000312403 -9.1359 
-6574.04 -0.0122688 1445.91 -1.36271 -0.00031927 -9.31424 
-6652.48 -0.0124565 725.81 -0.691852 -0.00032415 -9.42432 
-6678.79 -0.0125522 0.0342307 -0.00770801 -0.000326639 -9.46163 
