20034 0 0 0 3.154059011809234 0 
20033.97070702779 24.22508537967446 0 -0.007627773256828179 3.154054400057686 0 
20033.88282806834 48.45009991709796 0 -0.01525555766670368 3.154040564755838 0 
20033.73636299314 72.67497276929444 0 -0.02288336438269013 3.154017505762085 0 
20033.53131158805 96.89963309183764 0 -0.03051120455788375 3.153985222840409 0 
20033.26767355324 121.124010038126 0 -0.0381390893454297 3.153943715660379 0 
20032.94544850324 145.3480327586575 0 -0.04576702989853829 3.15389298379714 0 
20032.5646359669 169.5716304003042 0 -0.05339503737050126 3.153833026731404 0 
20032.12523538741 193.7947321055871 0 -0.06102312291470809 3.153763843849437 0 
20031.62724612229 218.0172670119505 0 -0.0686512976846621 3.153685434443038 0 
20031.0706674434 242.2391642510367 0 -0.07627957283399681 3.15359779770953 0 
20030.45549853693 266.4603529479596 0 -0.0839079595164918 3.153500932751733 0 
20029.78173850341 290.6807622205797 0 -0.09153646888608921 3.153394838577944 0 
20029.04938635769 314.9003211787773 0 -0.09916511209690945 3.153279514101911 0 
20028.25844102895 339.1189589237266 0 -0.1067939003032675 3.153154958142807 0 
20027.4089013607 363.3366045471688 0 -0.1144228446596886 3.153021169425198 0 
20026.50076611077 387.5531871306857 0 -0.1220519563209246 3.152878146579012 0 
20025.53403395133 411.7686357449725 0 -0.1296812464419693 3.152725888139505 0 
20024.50870346885 435.9828794491107 0 -0.1373107261780745 3.152564392547222 0 
20023.42477316413 460.1958472898405 0 -0.144940406684766 3.15239365814796 0 
20022.2822414523 484.4074683008323 0 -0.1525702991178585 3.152213683192724 0 
20021.08110666278 508.6176715019595 0 -0.1602004146334722 3.152024465837683 0 
20019.82136703932 532.8263858985691 0 -0.1678307643880471 3.151826004144125 0 
20018.50302073998 557.0335404807536 0 -0.1754613595383597 3.151618296078407 0 
20017.12606583713 581.2390642226204 0 -0.1830922112415372 3.151401339511902 0 
20015.69050031743 605.4428860815632 0 -0.1907233306550732 3.151175132220947 0 
20014.19632208184 629.6449349975314 0 -0.1983547289368429 3.150939671886788 0 
20012.64352894566 653.8451398922998 0 -0.2059864172451181 3.150694956095517 0 
20011.03211863844 678.0434296687371 0 -0.2136184067385819 3.150440982338014 0 
20009.36208880403 702.2397332100745 0 -0.2212507085763437 3.150177748009883 0 
20007.6334370006 726.4339793791739 0 -0.2288833339179536 3.149905250411387 0 
20005.84616070057 750.6260970177952 0 -0.2365162939234175 3.149623486747376 0 
20004.00025729068 774.8160149458632 0 -0.2441495997532108 3.14933245412722 0 
20002.0957240719 799.0036619607339 0 -0.2517832625682934 3.149032149564734 0 
20000.13255825952 823.1889668364604 0 -0.2594172935301234 3.148722569978103 0 
19998.11075698307 847.3718583230583 0 -0.2670517038006714 3.148403712189801 0 
19996.03031728638 871.5522651457694 0 -0.2746865045424341 3.148075572926515 0 
19993.8912361275 895.7301160043277 0 -0.2823217069184484 3.14773814881906 0 
19991.69351037878 919.9053395722196 0 -0.2899573220923047 3.147391436402291 0 
19989.4371368268 944.0778644959496 0 -0.2975933612281603 3.14703543211502 0 
19987.1221121724 968.2476193943004 0 -0.3052298354907531 3.146670132299919 0 
19984.74843303067 992.4145328575947 0 -0.3128667560454138 3.146295533203435 0 
19982.31609593092 1016.578533446956 0 -0.32050413405808 3.145911630975688 0 
19979.82509731672 1040.739549693568 0 -0.328141980695308 3.145518421670375 0 
19977.27543354586 1064.897510097934 0 -0.3357803071242857 3.145115901244673 0 
19974.66710089036 1089.052343129135 0 -0.3434191245128452 3.144704065559132 0 
19972.00009553646 1113.203977224086 0 -0.3510584440294746 3.144282910377571 0 
19969.27441358462 1137.352340786795 0 -0.35869827684333 3.143852431366972 0 
19966.4900510495 1161.497362187618 0 -0.3663386341242477 3.143412624097367 0 
19963.64700385999 1185.638969762511 0 -0.3739795270427556 3.142963484041726 0 
19960.74526785916 1209.777091812289 0 -0.3816209667700842 3.142505006575844 0 
19957.78483880428 1233.911656601875 0 -0.3892629644781783 3.142037186978221 0 
19954.76571236681 1258.042592359556 0 -0.3969055313397077 3.141560020429941 0 
19951.6878841324 1282.169827276231 0 -0.4045486785280779 3.141073502014551 0 
19948.55134960087 1306.293289504662 0 -0.4121924172174407 3.140577626717935 0 
19945.35610418622 1330.412907158725 0 -0.4198367585827043 3.140072389428187 0 
19942.10214321661 1354.528608312658 0 -0.4274817137995434 3.139557784935479 0 
19938.78946193437 1378.640321000307 0 -0.435127294044409 3.139033807931928 0 
19935.41805549598 1402.747973214373 0 -0.4427735104945379 3.138500453011461 0 
19931.98791897206 1426.851492905657 0 -0.4504203743279618 3.13795771466968 0 
19928.49904734739 1450.950807982308 0 -0.4580678967235166 3.137405587303716 0 
19924.95143552088 1475.045846309059 0 -0.465716088860851 3.136844065212087 0 
19921.34507830556 1499.136535706476 0 -0.4733649619204349 3.136273142594557 0 
19917.6799704286 1523.222803950193 0 -0.4810145270835676 3.135692813551982 0 
19913.95610653128 1547.304578770158 0 -0.4886647955323858 3.135103072086161 0 
19910.17348116899 1571.381787849865 0 -0.4963157784498714 3.134503912099684 0 
19906.33208881122 1595.454358825597 0 -0.5039674870198583 3.133895327395772 0 
19902.43192384158 1619.52221928566 0 -0.5116199324270397 3.133277311678124 0 
19898.47298055774 1643.585296769614 0 -0.5192731258569754 3.132649858550749 0 
19894.45525317147 1667.643518767517 0 -0.5269270784960971 3.132012961517809 0 
19890.37873580863 1691.696812719144 0 -0.5345818015317156 3.131366613983444 0 
19886.24342250913 1715.745106013231 0 -0.5422373061520259 3.130710809251611 0 
19882.04930722696 1739.788325986696 0 -0.5498936035461129 3.130045540525907 0 
19877.79638383015 1763.826399923871 0 -0.5575507049039568 3.129370800909396 0 
19873.48464610081 1787.859255055729 0 -0.5652086214164369 3.128686583404431 0 
19869.11408773506 1811.886818559108 0 -0.5728673642753374 3.127992880912475 0 
19864.68470234308 1835.90901755594 0 -0.5805269446733509 3.127289686233918 0 
19860.19648344908 1859.925779112468 0 -0.5881873738040819 3.126576992067891 0 
19855.64942449127 1883.937030238471 0 -0.5958486628620507 3.125854791012082 0 
19851.0435188219 1907.942697886484 0 -0.6035108230426961 3.125123075562536 0 
19846.37875970722 1931.942708951017 0 -0.611173865542378 3.124381838113473 0 
19841.65514032747 1955.93699026777 0 -0.61883780155838 3.123631070957082 0 
19836.87265377691 1979.925468612849 0 -0.6265026422889111 3.122870766283332 0 
19832.03129306376 2003.908070701984 0 -0.6341683989331073 3.122100916179758 0 
19827.13105111025 2027.884723189735 0 -0.6418350826910328 3.121321512631269 0 
19822.17192075255 2051.85535266871 0 -0.6495027047636804 3.120532547519934 0 
19817.15389474082 2075.819885668766 0 -0.657171276352972 3.119734012624771 0 
19812.07696573918 2099.778248656226 0 -0.664840808661759 3.11892589962154 0 
19806.94112632567 2123.730368033078 0 -0.6725113128938205 3.118108200082522 0 
19801.74636899232 2147.676170136183 0 -0.6801828002538638 3.117280905476305 0 
19796.49268614506 2171.615581236477 0 -0.6878552819475221 3.116444007167559 0 
19791.18007010378 2195.548527538169 0 -0.6955287691813529 3.115597496416814 0 
19785.80851310226 2219.474935177946 0 -0.7032032731628357 3.114741364380237 0 
19780.37800728822 2243.394730224165 0 -0.7108788051003696 3.113875602109392 0 
19774.8885447233 2267.307838676054 0 -0.7185553762032698 3.113000200551022 0 
19769.34011738301 2291.2141864629 0 -0.726232997681764 3.112115150546799 0 
19763.73271715677 2315.113699443245 0 -0.733911680746988 3.111220442833097 0 
19758.0663358479 2339.006303404079 0 -0.741591436610982 3.110316068040745 0 
19752.34096517359 2362.891924060018 0 -0.7492722764866843 3.109402016694786 0 
19746.55659676489 2386.770487052505 0 -0.756954211587927 3.108478279214227 0 
19740.71322216675 2410.641917948983 0 -0.7646372531294284 3.107544845911793 0 
19734.81083283795 2434.506142242082 0 -0.7723214123267883 3.106601706993672 0 
19728.84942015114 2458.3630853488 0 -0.7800067003964789 3.10564885255926 0 
19722.82897539282 2482.212672609682 0 -0.787693128555839 3.1046862726009 0 
19716.74948976332 2506.054829287996 0 -0.7953807080230644 3.103713957003625 0 
19710.61095437681 2529.889480568907 0 -0.8030694500172 3.10273189554489 0 
19704.4133602613 2553.716551558653 0 -0.8107593657581305 3.101740077894307 0 
19698.15669835858 2577.535967283708 0 -0.81845046646657 3.10073849361337 0 
19691.84095952431 2601.347652689964 0 -0.826142763364053 3.099727132155187 0 
19685.46613452792 2625.15153264188 0 -0.8338362676729218 3.0987059828642 0 
19679.03221405266 2648.947531921664 0 -0.8415309906163162 3.097675034975905 0 
19672.53918869556 2672.735575228422 0 -0.8492269434181611 3.096634277616573 0 
19665.98704896746 2696.515587177324 0 -0.8569241373031536 3.09558369980296 0 
19659.37578529297 2720.287492298758 0 -0.8646225834967503 3.094523290442019 0 
19652.70538801049 2744.051215037494 0 -0.8723222932251528 3.093453038330612 0 
19645.97584737219 2767.806679751825 0 -0.8800232777152935 3.092372932155208 0 
19639.18715354399 2791.553810712729 0 -0.8877255481948209 3.091282960491592 0 
19632.33929660561 2815.29253210301 0 -0.8954291158920827 3.090183111804559 0 
19625.43226655048 2839.022768016447 0 -0.9031339920361109 3.089073374447611 0 
19618.46605328582 2862.744442456943 0 -0.9108401878566041 3.087953736662649 0 
19611.44064663258 2886.457479337656 0 -0.9185477145839095 3.086824186579664 0 
19604.35603632545 2910.161802480148 0 -0.9262565834490049 3.085684712216421 0 
19597.21221201287 2933.857335613518 0 -0.9339668056834797 3.08453530147814 0 
19590.00916325699 2957.544002373535 0 -0.9416783925195152 3.083375942157182 0 
19582.74687953372 2981.221726301773 0 -0.9493913551898644 3.082206621932719 0 
19575.42535023265 3004.890430844737 0 -0.9571057049278304 3.081027328370408 0 
19568.04456465713 3028.550039352994 0 -0.964821452967245 3.079838048922066 0 
19560.6045120242 3052.200475080293 0 -0.9725386105424461 3.078638770925329 0 
19553.10518146463 3075.84166118269 0 -0.9802571888882544 3.07742948160332 0 
19545.54656202288 3099.473520717664 0 -0.9879771992399499 3.076210168064309 0 
19537.92864265713 3123.095976643238 0 -0.9956986528332461 3.074980817301367 0 
19530.25141223925 3146.70895181709 0 -1.003421560904266 3.073741416192021 0 
19522.51485955481 3170.312368995662 0 -1.011145934689514 3.072491951497903 0 
19514.71897330308 3193.906150833274 0 -1.01887178542585 3.071232409864398 0 
19506.86374209702 3217.490219881226 0 -1.026599124350464 3.069962777820284 0 
19498.94915446329 3241.064498586902 0 -1.034327962700841 3.068683041777375 0 
19490.97519884221 3264.628909292867 0 -1.042058311714739 3.067393188030156 0 
19482.94186358783 3288.183374235974 0 -1.049790182630154 3.066093202755416 0 
19474.84913696784 3311.727815546445 0 -1.05752358668529 3.064783072011873 0 
19466.69700716365 3335.262155246976 0 -1.065258535118529 3.063462781739807 0 
19458.48546227032 3358.786315251814 0 -1.072995039168396 3.06213231776068 0 
19450.21449029661 3382.300217365853 0 -1.080733110073525 3.060791665776751 0 
19441.88407916496 3405.803783283712 0 -1.088472759072627 3.059440811370694 0 
19433.49421671147 3429.296934588814 0 -1.096213997404455 3.05807974000521 0 
19425.04489068596 3452.779592752464 0 -1.103956836307763 3.056708437022635 0 
19416.53608875188 3476.251679132929 0 -1.111701287021276 3.055326887644544 0 
19407.9677984864 3499.713114974497 0 -1.119447360783644 3.053935076971352 0 
19399.34000738036 3523.163821406554 0 -1.12719506883341 3.052532989981911 0 
19390.65270283826 3546.603719442649 0 -1.134944422408968 3.051120611533103 0 
19381.90587217831 3570.032729979548 0 -1.142695432748518 3.049697926359431 0 
19373.09950263239 3593.450773796302 0 -1.150448111090031 3.048264919072605 0 
19364.23358134607 3616.857771553294 0 -1.158202468671203 3.046821574161125 0 
19355.30809537862 3640.253643791298 0 -1.165958516729409 3.045367875989857 0 
19346.32303170298 3663.638310930521 0 -1.173716266501662 3.043903808799613 0 
19337.27837720581 3687.011693269655 0 -1.181475729224568 3.042429356706715 0 
19328.17411868744 3710.373710984914 0 -1.189236916134273 3.040944503702571 0 
19319.01024286191 3733.724284129078 0 -1.196999838466422 3.03944923365323 0 
19309.78673635699 3757.063332630521 0 -1.204764507456108 3.03794353029895 0 
19300.50358571413 3780.390776292254 0 -1.212530934337821 3.036427377253747 0 
19291.1607773885 3803.706534790941 0 -1.220299130345398 3.03490075800495 0 
19281.75829774901 3827.010527675935 0 -1.22806910671197 3.03336365591275 0 
19272.29613307826 3850.302674368293 0 -1.235840874669912 3.031816054209743 0 
19262.77426957262 3873.582894159799 0 -1.243614445450785 3.030257936000468 0 
19253.19269334216 3896.851106211974 0 -1.251389830285282 3.028689284260949 0 
19243.55139041074 3920.107229555091 0 -1.259167040403173 3.02711008183822 0 
19233.85034671594 3943.351183087179 0 -1.266946087033247 3.025520311449859 0 
19224.0895481091 3966.582885573031 0 -1.27472698140325 3.023919955683512 0 
19214.26898035533 3989.802255643202 0 -1.282509734739829 3.022308996996406 0 
19204.38862913354 4013.009211793003 0 -1.290294358268471 3.020687417714875 0 
19194.4484800364 4036.203672381498 0 -1.298080863213438 3.019055200033864 0 
19184.44851857039 4059.38555563049 0 -1.305869260797704 3.017412326016442 0 
19174.38873015578 4082.554779623511 0 -1.313659562242891 3.015758777593301 0 
19164.26910012668 4105.711262304792 0 -1.321451778769205 3.014094536562262 0 
19154.089613731 4128.854921478259 0 -1.329245921595365 3.012419584587762 0 
19143.85025613051 4151.985674806487 0 -1.337042001938537 3.01073390320035 0 
19133.55101240083 4175.103439809682 0 -1.344840031014262 3.009037473796174 0 
19123.19186753143 4198.208133864642 0 -1.352640020036388 3.007330277636462 0 
19112.77280642568 4221.299674203723 0 -1.360441980216994 3.005612295846998 0 
19102.29381390081 4244.377977913789 0 -1.36824592276632 3.003883509417602 0 
19091.754874688 4267.442961935175 0 -1.376051858892689 3.00214389920159 0 
19081.1559734323 4290.494543060629 0 -1.38385979980243 3.000393445915251 0 
19070.49709469274 4313.532637934261 0 -1.391669756699804 2.998632130137295 0 
19059.77822294227 4336.557163050485 0 -1.39948174078692 2.996859932308318 0 
19048.99934256784 4359.568034752951 0 -1.407295763263658 2.995076832730251 0 
19038.16043787035 4382.565169233487 0 -1.415111835327584 2.993282811565807 0 
19027.26149306474 4405.548482531017 0 -1.422929968173869 2.991477848837921 0 
19016.30249227996 4428.517890530493 0 -1.430750172995201 2.989661924429193 0 
19005.283419559 4451.473308961812 0 -1.438572460981701 2.98783501808132 0 
18994.20425885891 4474.414653398731 0 -1.446396843320833 2.985997109394521 0 
18983.06499405084 4497.341839257781 0 -1.454223331197318 2.984148177826967 0 
18971.86560892002 4520.254781797171 0 -1.462051935793037 2.982288202694196 0 
18960.60608716584 4543.153396115688 0 -1.469882668286944 2.980417163168531 0 
18949.28641240182 4566.037597151604 0 -1.477715539854968 2.978535038278487 0 
18937.90656815564 4588.907299681557 0 -1.485550561669918 2.97664180690818 0 
18926.46653786922 4611.76241831945 0 -1.493387744901386 2.974737447796724 0 
18914.96630489865 4634.602867515328 0 -1.50122710071565 2.972821939537631 0 
18903.40585251433 4657.428561554262 0 -1.509068640275569 2.970895260578195 0 
18891.78516390088 4680.23941455522 0 -1.516912374740481 2.968957389218887 0 
18880.10422215725 4703.03534046994 0 -1.524758315266105 2.96700830361273 0 
18868.36301029673 4725.816253081791 0 -1.532606473004425 2.965047981764674 0 
18856.56151124695 4748.582066004639 0 -1.540456859103593 2.963076401530973 0 
18844.69970784994 4771.332692681698 0 -1.548309484707812 2.961093540618547 0 
18832.77758286216 4794.068046384382 0 -1.556164360957228 2.959099376584343 0 
18820.7951189545 4816.78804021115 0 -1.564021498987816 2.957093886834694 0 
18808.75229871236 4839.492587086351 0 -1.571880909931267 2.955077048624666 0 
18796.64910463564 4862.181599759051 0 -1.579742604914868 2.953048839057407 0 
18784.4855191388 4884.854990801872 0 -1.58760659506139 2.951009235083486 0 
18772.2615245509 4907.512672609811 0 -1.59547289148896 2.948958213500231 0 
18759.9771031156 4930.15455739907 0 -1.603341505310943 2.946895750951052 0 
18747.63223699125 4952.780557205858 0 -1.611212447635817 2.944821823924776 0 
18735.22690825086 4975.39058388521 0 -1.619085729567049 2.942736408754959 0 
18722.76109888223 4997.984549109792 0 -1.626961362202962 2.940639481619203 0 
18710.23479078788 5020.562364368697 0 -1.634839356636611 2.938531018538465 0 
18697.6479657852 5043.123940966239 0 -1.642719723955645 2.936410995376358 0 
18685.00060560642 5065.669190020747 0 -1.650602475242177 2.934279387838455 0 
18672.29269189867 5088.198022463342 0 -1.658487621572647 2.932136171471572 0 
18659.52420622402 5110.710349036717 0 -1.666375174017681 2.929981321663065 0 
18646.69513005957 5133.206080293913 0 -1.674265143641956 2.927814813640103 0 
18633.80544479742 5155.685126597081 0 -1.682157541504052 2.925636622468951 0 
18620.85513174479 5178.147398116246 0 -1.69005237865631 2.923446723054233 0 
18607.844172124 5200.592804828061 0 -1.697949666144684 2.921245090138202 0 
18594.77254707259 5223.021256514561 0 -1.705849415008593 2.919031698299996 0 
18581.64023764331 5245.432662761901 0 -1.713751636280769 2.916806521954891 0 
18568.44722480422 5267.826932959101 0 -1.721656340987104 2.91456953535355 0 
18555.19348943871 5290.203976296775 0 -1.729563540146491 2.912320712581263 0 
18541.87901234555 5312.563701765857 0 -1.737473244770672 2.910060027557182 0 
18528.503774239 5334.906018156325 0 -1.74538546586407 2.90778745403355 0 
18515.06775574879 5357.230834055917 0 -1.753300214423632 2.905502965594927 0 
18501.57093742023 5379.538057848831 0 -1.761217501438658 2.903206535657408 0 
18488.01329971426 5401.827597714444 0 -1.769137337890639 2.900898137467828 0 
18474.3948230075 5424.099361625992 0 -1.777059734753083 2.898577744102977 0 
18460.71548759233 5446.353257349274 0 -1.784984702991342 2.89624532846879 0 
18446.97527367692 5468.589192441329 0 -1.79291225356244 2.893900863299549 0 
18433.17416138533 5490.807074249115 0 -1.80084239741489 2.891544321157062 0 
18419.31213075757 5513.00680990819 0 -1.808775145488518 2.889175674429848 0 
18405.38916174963 5535.188306341361 0 -1.816710508714277 2.886794895332314 0 
18391.40523423361 5557.351470257362 0 -1.824648498014064 2.884401955903914 0 
18377.36032799775 5579.496208149491 0 -1.832589124300527 2.881996828008321 0 
18363.25442274649 5601.622426294273 0 -1.840532398476881 2.879579483332576 0 
18349.08749810059 5623.730030750083 0 -1.848478331436706 2.877149893386238 0 
18334.85953359717 5645.818927355791 0 -1.856426934063756 2.874708029500526 0 
18320.57050868978 5667.889021729386 0 -1.864378217231757 2.872253862827456 0 
18306.22040274852 5689.940219266594 0 -1.872332191804205 2.86978736433897 0 
18291.80919506006 5711.972425139495 0 -1.880288868634163 2.867308504826056 0 
18277.33686482779 5733.98554429513 0 -1.888248258564049 2.864817254897868 0 
18262.80339117182 5755.979481454096 0 -1.896210372425428 2.862313584980829 0 
18248.20875312915 5777.954141109144 0 -1.904175221038798 2.859797465317738 0 
18233.5529296537 5799.909427523763 0 -1.912142815213369 2.857268865966863 0 
18218.8358996164 5821.845244730758 0 -1.920113165746848 2.854727756801033 0 
18204.05764180531 5843.761496530827 0 -1.928086283425213 2.85217410750671 0 
18189.21813492569 5865.658086491121 0 -1.936062179022488 2.849607887583077 0 
18174.31735760008 5887.534917943805 0 -1.944040863300512 2.847029066341094 0 
18159.35528836843 5909.391893984606 0 -1.952022347008707 2.844437612902562 0 
18144.33190568816 5931.22891747136 0 -1.960006640883842 2.84183349619918 0 
18129.2471879343 5953.045891022543 0 -1.967993755649796 2.839216684971584 0 
18114.10111339952 5974.84271701581 0 -1.975983702017312 2.836587147768391 0 
18098.89366029433 5996.619297586501 0 -1.983976490683753 2.833944852945228 0 
18083.62480674708 6018.375534626171 0 -1.991972132332851 2.831289768663755 0 
18068.29453080416 6040.111329781085 0 -1.999970637634459 2.828621862890686 0 
18052.90281043003 6061.826584450723 0 -2.00797201724429 2.825941103396792 0 
18037.44962350737 6083.521199786266 0 -2.015976281803657 2.823247457755907 0 
18021.9349478372 6105.195076689089 0 -2.023983441939214 2.82054089334392 0 
18006.35876113895 6126.848115809222 0 -2.031993508262688 2.817821377337763 0 
17990.72104105063 6148.480217543834 0 -2.040006491370605 2.815088876714385 0 
17975.02176512892 6170.091282035681 0 -2.048022401844019 2.812343358249732 0 
17959.26091084928 6191.681209171566 0 -2.056041250248234 2.8095847885177 0 
17943.43845560608 6213.249898580777 0 -2.064063047132521 2.806813133889095 0 
17927.55437671273 6234.797249633528 0 -2.072087803029833 2.804028360530583 0 
17911.60865140182 6256.323161439383 0 -2.080115528456517 2.801230434403625 0 
17895.60125682521 6277.827532845679 0 -2.08814623391202 2.798419321263406 0 
17879.53217005421 6299.310262435939 0 -2.096179929878589 2.795594986657767 0 
17863.40136807965 6320.771248528266 0 -2.104216626820974 2.792757395926114 0 
17847.2088278121 6342.210389173752 0 -2.112256335186121 2.789906514198322 0 
17830.95452608191 6363.627582154852 0 -2.120299065402861 2.787042306393642 0 
17814.63843963944 6385.022724983769 0 -2.128344827881598 2.784164737219581 0 
17798.26054515515 6406.395714900819 0 -2.136393633013994 2.781273771170795 0 
17781.82081921975 6427.746448872798 0 -2.14444549117264 2.778369372527953 0 
17765.31923834436 6449.07482359133 0 -2.152500412710737 2.775451505356605 0 
17748.75577896067 6470.380735471207 0 -2.160558407961761 2.772520133506041 0 
17732.13041742107 6491.664080648729 0 -2.168619487239129 2.769575220608133 0 
17715.44312999881 6512.924754980031 0 -2.176683660835859 2.76661673007618 0 
17698.69389288818 6534.162654039394 0 -2.184750939024228 2.763644625103732 0 
17681.88268220462 6555.377673117552 0 -2.192821332055419 2.760658868663417 0 
17665.00947398496 6576.569707220001 0 -2.200894850159175 2.757659423505748 0 
17648.0742441875 6597.738651065278 0 -2.208971503543433 2.754646252157928 0 
17631.07696869226 6618.884399083244 0 -2.217051302393968 2.751619316922649 0 
17614.01762330109 6640.006845413354 0 -2.225134256874018 2.748578579876868 0 
17596.89618373787 6661.105883902926 0 -2.233220377123919 2.745524002870591 0 
17579.71262564869 6682.18140810538 0 -2.241309673260728 2.742455547525635 0 
17562.46692460202 6703.233311278495 0 -2.249402155377832 2.739373175234387 0 
17545.15905608892 6724.261486382628 0 -2.25749783354457 2.736276847158552 0 
17527.78899552317 6745.265826078949 0 -2.265596717805836 2.733166524227891 0 
17510.35671824152 6766.246222727651 0 -2.273698818181685 2.730042167138949 0 
17492.86219950384 6787.202568386146 0 -2.281804144666924 2.726903736353777 0 
17475.30541449336 6808.13475480727 0 -2.289912707230711 2.723751192098638 0 
17457.68633831679 6829.042673437466 0 -2.298024515816139 2.72058449436271 0 
17440.00494600464 6849.926215414951 0 -2.306139580339817 2.717403602896771 0 
17422.2612125113 6870.785271567883 0 -2.314257910691442 2.714208477211888 0 
17404.45511271534 6891.619732412517 0 -2.322379516733379 2.710999076578078 0 
17386.58662141965 6912.429488151346 0 -2.330504408300214 2.70777536002297 0 
17368.65571335175 6933.214428671239 0 -2.338632595198326 2.70453728633046 0 
17350.66236316389 6953.974443541553 0 -2.346764087205425 2.701284814039345 0 
17332.60654543337 6974.709422012257 0 -2.354898894070113 2.698017901441954 0 
17314.48823466272 6995.419253012027 0 -2.363037025511417 2.694736506582766 0 
17296.30740527994 7016.103825146341 0 -2.37117849121833 2.691440587257021 0 
17278.06403163872 7036.76302669555 0 -2.379323300849336 2.688130101009317 0 
17259.75808801869 7057.396745612965 0 -2.387471464031937 2.684805005132194 0 
17241.38954862566 7078.004869522898 0 -2.395622990362168 2.681465256664715 0 
17222.95838759185 7098.587285718719 0 -2.403777889404109 2.678110812391028 0 
17204.46457897616 7119.143881160888 0 -2.41193617068939 2.674741628838925 0 
17185.90809676438 7139.674542474986 0 -2.420097843716687 2.671357662278383 0 
17167.28891486951 7160.179155949725 0 -2.42826291795122 2.667958868720095 0 
17148.60700713196 7180.657607534951 0 -2.436431402824229 2.664545203913996 0 
17129.86234731983 7201.109782839637 0 -2.444603307732461 2.661116623347773 0 
17111.05490912919 7221.535567129861 0 -2.452778642037636 2.65767308224536 0 
17092.18466618435 7241.934845326779 0 -2.460957415065916 2.65421453556543 0 
17073.25159203812 7262.307502004575 0 -2.469139636107361 2.650740937999872 0 
17054.25566017208 7282.653421388412 0 -2.477325314415381 2.647252243972249 0 
17035.19684399691 7302.972487352361 0 -2.485514459206179 2.643748407636259 0 
17016.07511685263 7323.264583417326 0 -2.493707079658191 2.640229382874172 0 
16996.89045200892 7343.529592748951 0 -2.501903184911512 2.636695123295262 0 
16977.6428226654 7363.767398155514 0 -2.51010278406732 2.633145582234221 0 
16958.33220195194 7383.977882085819 0 -2.518305886187292 2.629580712749569 0 
16938.95856292898 7404.160926627069 0 -2.526512500293011 2.626000467622041 0 
16919.5218785878 7424.316413502711 0 -2.534722635365363 2.622404799352976 0 
16900.02212185087 7444.444224070305 0 -2.542936300343935 2.618793660162681 0 
16880.45926557217 7464.544239319345 0 -2.551153504126394 2.615167001988787 0 
16860.83328253748 7484.61633986909 0 -2.559374255567866 2.611524776484594 0 
16841.14414546476 7504.66040596636 0 -2.567598563480305 2.607866935017404 0 
16821.39182700443 7524.676317483355 0 -2.575826436631851 2.604193428666838 0 
16801.57629973977 7544.663953915418 0 -2.584057883746187 2.600504208223139 0 
16781.69753618718 7564.623194378817 0 -2.592292913501877 2.59679922418547 0 
16761.75550879662 7584.553917608499 0 -2.600531534531705 2.593078426760192 0 
16741.75018995192 7604.456001955835 0 -2.608773755422005 2.589341765859128 0 
16721.68155197112 7624.329325386356 0 -2.61701958471197 2.585589191097819 0 
16701.54956710687 7644.173765477462 0 -2.625269030892976 2.581820651793763 0 
16681.35420754679 7663.989199416128 0 -2.633522102407868 2.578036096964644 0 
16661.09544541383 7683.775503996604 0 -2.641778807650264 2.574235475326542 0 
16640.77325276668 7703.532555618078 0 -2.650039154963832 2.570418735292134 0 
16620.38760160014 7723.260230282347 0 -2.658303152641563 2.566585824968881 0 
16599.93846384549 7742.958403591463 0 -2.666570808925042 2.562736692157195 0 
16579.42581137092 7762.626950745371 0 -2.674842132003697 2.558871284348605 0 
16558.84961598193 7782.265746539523 0 -2.683117130014048 2.554989548723892 0 
16538.20984942173 7801.874665362489 0 -2.69139581103894 2.551091432151225 0 
16517.50648337166 7821.453581193548 0 -2.699678183106776 2.547176881184273 0 
16496.73948945159 7841.002367600266 0 -2.707964254190727 2.543245842060308 0 
16475.90883922039 7860.520897736057 0 -2.716254032207942 2.539298260698287 0 
16455.01450417632 7880.009044337727 0 -2.724547525018742 2.53533408269693 0 
16434.05645575751 7899.466679723015 0 -2.732844740425811 2.531353253332772 0 
16413.03466534237 7918.893675788107 0 -2.741145686173367 2.527355717558208 0 
16391.94910425004 7938.289904005137 0 -2.749450369946332 2.523341419999514 0 
16370.79974374091 7957.655235419677 0 -2.757758799369482 2.519310304954868 0 
16349.586555017 7976.989540648207 0 -2.766070982006595 2.515262316392339 0 
16328.30950922249 7996.292689875578 0 -2.774386925359585 2.511197397947872 0 
16306.96857744418 8015.564552852442 0 -2.782706636867619 2.50711549292325 0 
16285.56373071197 8034.80499889269 0 -2.791030123906233 2.50301654428405 0 
16264.09493999938 8054.013896870853 0 -2.799357393786433 2.498900494657569 0 
16242.56217622399 8073.191115219503 0 -2.807688453753778 2.494767286330752 0 
16220.96541024803 8092.336521926618 0 -2.816023310987459 2.490616861248085 0 
16199.3046128788 8111.449984532961 0 -2.824361972599367 2.486449161009487 0 
16177.57975486927 8130.531370129414 0 -2.832704445633143 2.482264126868179 0 
16155.79080691857 8149.580545354309 0 -2.84105073706322 2.478061699728536 0 
16133.93773967253 8168.59737639074 0 -2.849400853793852 2.473841820143924 0 
16112.02052372421 8187.581728963863 0 -2.857754802658132 2.469604428314522 0 
16090.03912961448 8206.533468338166 0 -2.866112590416993 2.465349464085126 0 
16067.99352783256 8225.452459314745 0 -2.874474223758205 2.461076866942931 0 
16045.88368881659 8244.338566228531 0 -2.882839709295346 2.456786576015305 0 
16023.70958295419 8263.191652945532 0 -2.891209053566775 2.452478530067542 0 
16001.47118058307 8282.011582860037 0 -2.899582263034582 2.448152667500593 0 
15979.16845199158 8300.798218891814 0 -2.907959344083525 2.443808926348783 0 
15956.80136741936 8319.551423483277 0 -2.916340303019959 2.439447244277518 0 
15934.3698970579 8338.271058596645 0 -2.924725146070748 2.435067558580957 0 
15911.87401105117 8356.956985711096 0 -2.933113879382161 2.430669806179685 0 
15889.31367949626 8375.609065819868 0 -2.94150650901876 2.426253923618352 0 
15866.68887244399 8394.227159427372 0 -2.949903040962267 2.421819847063307 0 
15843.99955989956 8412.811126546281 0 -2.95830348111042 2.417367512300201 0 
15821.2457118232 8431.360826694594 0 -2.966707835275818 2.412896854731585 0 
15798.42729813082 8449.876118892678 0 -2.975116109184744 2.408407809374476 0 
15775.54428869469 8468.356861660308 0 -2.983528308475976 2.403900310857913 0 
15752.5966533441 8486.802913013666 0 -2.99194443869959 2.399374293420493 0 
15729.58436186607 8505.214130462347 0 -3.000364505315734 2.394829690907883 0 
15706.50738400603 8523.590371006316 0 -3.008788513693395 2.390266436770319 0 
15683.36568946852 8541.931491132873 0 -3.017216469109155 2.385684464060083 0 
15660.15924791793 8560.237346813581 0 -3.025648376745918 2.381083705428956 0 
15636.88802897916 8578.507793501183 0 -3.034084241691633 2.376464093125659 0 
15613.55200223846 8596.74268612649 0 -3.042524068937994 2.371825558993269 0 
15590.15113724408 8614.941879095264 0 -3.050967863379125 2.36716803446662 0 
15566.68540350706 8633.10522628507 0 -3.059415629810249 2.362491450569673 0 
15543.15477050199 8651.232581042104 0 -3.067867372926342 2.357795737912877 0 
15519.55920766782 8669.323796178016 0 -3.076323097320764 2.353080826690507 0 
15495.89868440858 8687.378723966694 0 -3.084782807483877 2.348346646677975 0 
15472.17317009423 8705.397216141046 0 -3.093246507801648 2.343593127229129 0 
15448.38263406143 8723.379123889741 0 -3.101714202554224 2.33882019727352 0 
15424.52704561441 8741.324297853953 0 -3.110185895914504 2.334027785313664 0 
15400.60637402573 8759.232588124054 0 -3.118661591946677 2.329215819422262 0 
15376.62058853718 8777.103844236317 0 -3.127141294604753 2.324384227239417 0 
15352.5696583606 8794.937915169578 0 -3.135625007731073 2.319532935969819 0 
15328.45355267875 8812.734649341874 0 -3.144112735054788 2.314661872379908 0 
15304.27224064619 8830.493894607072 0 -3.152604480190343 2.309770962795023 0 
15280.02569139018 8848.215498251477 0 -3.161100246635917 2.304860133096515 0 
15255.71387401153 8865.899306990392 0 -3.169600037771857 2.299929308718856 0 
15231.33675758557 8883.545166964695 0 -3.178103856859087 2.294978414646705 0 
15206.89431116305 8901.152923737358 0 -3.186611707037503 2.290007375411968 0 
15182.38650377104 8918.722422289966 0 -3.195123591324336 2.285016115090821 0 
15157.81330441396 8936.253507019204 0 -3.203639512612504 2.280004557300727 0 
15133.17468207447 8953.746021733319 0 -3.212159473668941 2.274972625197411 0 
15108.47060571446 8971.199809648566 0 -3.220683477132901 2.26992024147182 0 
15083.70104427605 8988.614713385625 0 -3.229211525514245 2.264847328347065 0 
15058.86596668258 9005.99057496599 0 -3.2377436211917 2.259753807575329 0 
15033.96534183966 9023.327235808356 0 -3.246279766411106 2.254639600434753 0 
15008.99913863613 9040.624536724947 0 -3.254819963283627 2.249504627726303 0 
14983.96732594514 9057.882317917847 0 -3.26336421378395 2.24434880977061 0 
14958.86987262524 9075.100418975308 0 -3.271912519748457 2.239172066404778 0 
14933.70674752137 9092.278678868004 0 -3.280464882873373 2.23397431697918 0 
14908.477919466 9109.416935945297 0 -3.289021304712893 2.228755480354216 0 
14883.18335728023 9126.515027931458 0 -3.297581786677279 2.223515474897059 0 
14857.82302977486 9143.572791921855 0 -3.30614633003094 2.218254218478359 0 
14832.39690575158 9160.590064379145 0 -3.314714935890484 2.212971628468937 0 
14806.90495400403 9177.566681129403 0 -3.323287605222743 2.207667621736443 0 
14781.34714331906 9194.502477358261 0 -3.331864338842774 2.202342114641993 0 
14755.72344247781 9211.397287606991 0 -3.34044513741184 2.196995023036776 0 
14730.03382025694 9228.250945768588 0 -3.349030001435355 2.191626262258636 0 
14704.27824542986 9245.063285083805 0 -3.357618931260809 2.186235747128628 0 
14678.45668676791 9261.834138137168 0 -3.366211927075667 2.180823391947544 0 
14652.56911304159 9278.56333685298 0 -3.374808988905234 2.175389110492418 0 
14626.61549302187 9295.250712491274 0 -3.383410116610506 2.169932816012993 0 
14600.59579548141 9311.896095643746 0 -3.392015309885974 2.164454421228172 0 
14574.50998919586 9328.499316229676 0 -3.40062456825742 2.158953838322432 0 
14548.35804294517 9345.060203491803 0 -3.40923789107967 2.153430978942215 0 
14522.13992551491 9361.578585992176 0 -3.417855277534324 2.147885754192289 0 
14495.85560569761 9378.054291607985 0 -3.426476726627458 2.142318074632077 0 
14469.50505229411 9394.487147527352 0 -3.435102237187292 2.136727850271967 0 
14443.08823411495 9410.876980245108 0 -3.443731807861829 2.131114990569579 0 
14416.60511998174 9427.223615558525 0 -3.452365437116469 2.125479404426013 0 
14390.0556787286 9443.526878563038 0 -3.461003123231586 2.119821000182068 0 
14363.43987920357 9459.786593647905 0 -3.469644864300074 2.114139685614421 0 
14336.75769027006 9476.002584491887 0 -3.478290658224863 2.108435367931786 0 
14310.00908080834 9492.174674058855 0 -3.486940502716406 2.102707953771039 0 
14283.194019717 9508.302684593382 0 -3.495594395290126 2.096957349193313 0 
14256.31247591446 9524.386437616311 0 -3.504252333263837 2.091183459680061 0 
14229.36441834053 9540.425753920288 0 -3.512914313755127 2.085386190129089 0 
14202.34981595793 9556.420453565261 0 -3.521580333678711 2.079565444850558 0 
14175.26863775386 9572.370355873949 0 -3.530250389743744 2.073721127562956 0 
14148.12085274159 9588.275279427291 0 -3.538924478451106 2.06785314138903 0 
14120.90642996209 9604.135042059845 0 -3.547602596090648 2.0619613888517 0 
14093.62533848561 9619.94946085517 0 -3.556284738738401 2.056045771869929 0 
14066.27754741343 9635.718352141166 0 -3.56497090225375 2.050106191754566 0 
14038.8630258794 9651.4415314854 0 -3.573661082276573 2.044142549204152 0 
14011.38174305177 9667.118813690367 0 -3.582355274224342 2.038154744300698 0 
13983.83366813483 9682.750012788763 0 -3.591053473289185 2.032142676505428 0 
13956.21877037065 9698.334942038675 0 -3.599755674434908 2.026106244654486 0 
13928.53701904091 9713.87341391878 0 -3.608461872393987 2.020045346954613 0 
13900.78838346861 9729.36524012349 0 -3.617172061664506 2.013959880978785 0 
13872.97283301993 9744.810231558073 0 -3.62588623650707 2.007849743661823 0 
13845.09033710606 9760.208198333718 0 -3.634604390941668 2.00171483129596 0 
13817.14086518506 9775.558949762595 0 -3.6433265187445 1.995555039526385 0 
13789.12438676371 9790.862294352875 0 -3.652052613444758 1.989370263346737 0 
13761.04087139948 9806.118039803692 0 -3.660782668321371 1.983160397094577 0 
13732.89028870242 9821.325993000093 0 -3.669516676399704 1.976925334446817 0 
13704.67260833712 9836.485960007953 0 -3.678254630448209 1.970664968415113 0 
13676.38780002475 9851.597746068832 0 -3.686996522975044 1.964379191341224 0 
13648.035833545 9866.661155594835 0 -3.695742346224636 1.958067894892338 0 
13619.61667873815 9881.675992163387 0 -3.704492092174205 1.951730970056348 0 
13591.13030550715 9896.642058512016 0 -3.713245752530241 1.945368307137108 0 
13562.5766838197 9911.559156533072 0 -3.722003318724936 1.93897979574964 0 
13533.95578371037 9926.427087268421 0 -3.730764781912566 1.932565324815306 0 
13505.26757528274 9941.2456509041 0 -3.739530132965829 1.926124782556943 0 
13476.5120287116 9956.014646764928 0 -3.748299362472133 1.91965805649396 0 
13447.68911424513 9970.733873309087 0 -3.757072460729836 1.913165033437395 0 
13418.79880220716 9985.403128122663 0 -3.765849417744432 1.906645599484936 0 
13389.84106299941 10000.02220791415 0 -3.774630223224698 1.900099640015897 0 
13360.81586710379 10014.59090850891 0 -3.783414866578775 1.89352703968616 0 
13331.72318508475 10029.10902484359 0 -3.792203336910213 1.886927682423077 0 
13302.5629875916 10043.57635096053 0 -3.800995623013948 1.880301451420327 0 
13273.33524536091 10057.99268000207 0 -3.809791713372241 1.873648229132741 0 
13244.03992921892 10072.35780420489 0 -3.81859159615055 1.866967897271074 0 
13214.67701008401 10086.67151489426 0 -3.827395259193361 1.86026033679675 0 
13185.24645896917 10100.93360247828 0 -3.836202690019948 1.853525427916557 0 
13155.7482469845 10115.14385644203 0 -3.845013875820093 1.846763050077302 0 
13126.18234533977 10129.30206534173 0 -3.853828803449735 1.839973081960423 0 
13096.54872534702 10143.40801679887 0 -3.862647459426572 1.833155401476564 0 
13066.84735842312 10157.46149749422 0 -3.871469829925601 1.826309885760101 0 
13037.07821609249 10171.46229316186 0 -3.880295900774597 1.819436411163629 0 
13007.24126998973 10185.41018858318 0 -3.88912565744953 1.812534853252405 0 
12977.33649186236 10199.3049675808 0 -3.897959085069932 1.805605086798749 0 
12947.3638535736 10213.14641301243 0 -3.906796168394187 1.798646985776394 0 
12917.32332710509 10226.93430676475 0 -3.915636891814771 1.791660423354806 0 
12887.2148845598 10240.66842974719 0 -3.924481239353423 1.784645271893443 0 
12857.03849816486 10254.3485618857 0 -3.933329194656249 1.777601402935984 0 
12826.79414027446 10267.97448211646 0 -3.942180740988768 1.770528687204502 0 
12796.4817833728 10281.54596837953 0 -3.951035861230886 1.763426994593597 0 
12766.10140007707 10295.06279761249 0 -3.959894537871804 1.756296194164485 0 
12735.65296314046 10308.52474574401 0 -3.968756753004861 1.749136154139034 0 
12705.13644545525 10321.93158768739 0 -3.977622488322302 1.741946741893762 0 
12674.55182005589 10335.28309733402 0 -3.986491725109986 1.734727823953782 0 
12643.89906012211 10348.57904754684 0 -3.995364444242008 1.7274792659867 0 
12613.17813898219 10361.81921015373 0 -4.004240626175266 1.720200932796476 0 
12582.3890301161 10375.00335594083 0 -4.013120250943941 1.712892688317221 0 
12551.53170715881 10388.13125464586 0 -4.022003298153911 1.705554395606957 0 
12520.60614390357 10401.20267495135 0 -4.03088974697709 1.698185916841329 0 
12489.61231430534 10414.21738447786 0 -4.039779576145685 1.690787113307263 0 
12458.55019248407 10427.17514977711 0 -4.04867276394638 1.683357845396575 0 
12427.41975272827 10440.07573632507 0 -4.057569288214442 1.675897972599539 0 
12396.22096949841 10452.91890851505 0 -4.066469126327746 1.668407353498397 0 
12364.95381743049 10465.70442965067 0 -4.075372255200724 1.660885845760819 0 
12333.61827133963 10478.4320619388 0 -4.084278651278222 1.65333330613332 0 
12302.21430622368 10491.10156648251 0 -4.093188290529285 1.645749590434619 0 
12270.74189726692 10503.71270327385 0 -4.102101148440851 1.638134553548951 0 
12239.20101984377 10516.26523118671 0 -4.111017200011366 1.630488049419326 0 
12207.59164952258 10528.75890796953 0 -4.119936419744306 1.622809931040738 0 
12175.91376206944 10541.19349023798 0 -4.128858781641617 1.61510005045332 0 
12144.16733345208 10553.56873346765 0 -4.13778425919706 1.607358258735449 0 
12112.35233984379 10565.88439198658 0 -4.146712825389471 1.599584405996798 0 
12080.46875762739 10578.14021896784 0 -4.15564445267593 1.591778341371331 0 
12048.51656339926 10590.33596642197 0 -4.164579112984831 1.583939913010253 0 
12016.49573397346 10602.47138518942 0 -4.173516777708866 1.576068968074899 0 
11984.40624638585 10614.54622493293 0 -4.182457417697904 1.568165352729571 0 
11952.24807789828 10626.56023412984 0 -4.191401003251786 1.560228912134325 0 
11920.02120600285 10638.51316006435 0 -4.200347504113008 1.552259490437695 0 
11887.72560842623 10650.40474881969 0 -4.209296889459313 1.544256930769372 0 
11855.36126313401 10662.23474527032 0 -4.218249127896182 1.536221075232823 0 
11822.92814833513 10674.00289307398 0 -4.227204187449217 1.528151764897849 0 
11790.42624248636 10685.70893466374 0 -4.236162035556425 1.5200488397931 0 
11757.85552429687 10697.35261123998 0 -4.245122639060393 1.511912138898522 0 
11725.21597273278 10708.93366276229 0 -4.254085964200361 1.503741500137754 0 
11692.50756702188 10720.45182794131 0 -4.263051976604181 1.495536760370465 0 
11659.73028665832 10731.90684423059 0 -4.272020641280163 1.48729775538464 0 
11626.88411140742 10743.29844781827 0 -4.280991922608826 1.479024319888797 0 
11593.96902131051 10754.62637361877 0 -4.289965784334514 1.47071628750416 0 
11560.98499668986 10765.89035526446 0 -4.298942189556914 1.462373490756762 0 
11527.93201815366 10777.09012509712 0 -4.307921100722441 1.453995761069501 0 
11494.81006660108 10788.22541415954 0 -4.316902479615525 1.445582928754126 0 
11461.61912322736 10799.29595218689 0 -4.325886287349757 1.437134823003175 0 
11428.35916952903 10810.3014675981 0 -4.334872484358932 1.428651271881844 0 
11395.03018730915 10821.24168748719 0 -4.343861030387954 1.420132102319803 0 
11361.63215868263 10832.11633761452 0 -4.352851884483622 1.411577140102952 0 
11328.16506608166 10842.92514239793 0 -4.361845004985287 1.402986209865116 0 
11294.62889226112 10853.66782490393 0 -4.370840349515389 1.394359135079674 0 
11261.0236203042 10864.34410683868 0 -4.37983787496984 1.385695738051138 0 
11227.34923362795 10874.95370853902 0 -4.388837537508305 1.376995839906663 0 
11193.60571598899 10885.4963489634 0 -4.39783929254432 1.368259260587503 0 
11159.79305148933 10895.97174568273 0 -4.406843094735292 1.359485818840397 0 
11125.91122458213 10906.37961487116 0 -4.415848897972356 1.350675332208897 0 
11091.9602200777 10916.71967129681 0 -4.424856655370079 1.341827617024643 0 
11057.94002314946 10926.99162831243 0 -4.433866319256044 1.332942488398559 0 
11023.85061934005 10937.19519784603 0 -4.442877841160269 1.324019760211999 0 
10989.69199456746 10947.33009039131 0 -4.451891171804484 1.315059245107831 0 
10955.46413513135 10957.39601499821 0 -4.460906261091266 1.306060754481451 0 
10921.16702771929 10967.39267926324 0 -4.469923058093018 1.297024098471734 0 
10886.80065941328 10977.31978931978 0 -4.478941511040787 1.287949085951935 0 
10852.36501769615 10987.1770498284 0 -4.487961567312944 1.278835524520508 0 
10817.86009045826 10996.96416396694 0 -4.496983173423682 1.269683220491876 0 
10783.28586600409 11006.68083342068 0 -4.506006275011374 1.260491978887131 0 
10748.64233305908 11016.32675837234 0 -4.515030816826764 1.251261603424666 0 
10713.92948077643 11025.90163749204 0 -4.524056742720977 1.241991896510755 0 
10679.14729874414 11035.4051679272 0 -4.533083995633384 1.23268265923006 0 
10644.29577699197 11044.83704529232 0 -4.542112517579281 1.223333691336069 0 
10609.37490599864 11054.19696365878 0 -4.551142249637401 1.213944791241486 0 
10574.38467669906 11063.48461554444 0 -4.560173131937252 1.204515756008536 0 
10539.32508049166 11072.69969190326 0 -4.56920510364627 1.195046381339224 0 
10504.19610924587 11081.8418821148 0 -4.578238102956804 1.185536461565516 0 
10468.99775530958 11090.91087397371 0 -4.587272067072902 1.175985789639457 0 
10433.73001151686 11099.90635367901 0 -4.596306932196927 1.166394157123235 0 
10398.39287119567 11108.82800582344 0 -4.605342633515968 1.156761354179164 0 
10362.9863281757 11117.67551338267 0 -4.614379105188082 1.147087169559608 0 
10327.51037679636 11126.44855770437 0 -4.623416280328311 1.137371390596852 0 
10291.96501191482 11135.14681849735 0 -4.632454090994529 1.127613803192887 0 
10256.35022891421 11143.76997382045 0 -4.641492468173078 1.117814191809141 0 
10220.66602371186 11152.3177000715 0 -4.650531341764199 1.107972339456147 0 
10184.91239276775 11160.78967197612 0 -4.65957064056726 1.098088027683139 0 
10149.08933309299 11169.18556257644 0 -4.668610292265771 1.088161036567588 0 
10113.19684225845 11177.50504321975 0 -4.677650223412193 1.078191144704673 0 
10077.23491840354 11185.74778354713 0 -4.686690359412531 1.068178129196678 0 
10041.20356024502 11193.91345148185 0 -4.695730624510697 1.058121765642337 0 
10005.10276708604 11202.00171321788 0 -4.704770941772662 1.048021828126108 0 
9968.932538825211 11210.01223320813 0 -4.713811233070389 1.037878089207378 0 
9932.692875965866 11217.94467415278 0 -4.722851419065513 1.027690319909611 0 
9896.383779625388 11225.79869698736 0 -4.731891419192817 1.017458289709427 0 
9860.005251544728 11233.57396087088 0 -4.74093115164345 1.007181766525619 0 
9823.557294098013 11241.27012317381 0 -4.749970533347921 0.9968605167081046 0 
9787.039910302272 11248.88683946597 0 -4.759009479958846 0.9864943050268108 0 
9750.453103827354 11256.42376350438 0 -4.76804790583344 0.9760828946605037 0 
9713.796879005928 11263.88054722099 0 -4.777085724015772 0.9656260471855472 0 
9677.071240843623 11271.25684071029 0 -4.786122846218762 0.9551235225645974 0 
9640.276195029352 11278.55229221693 0 -4.795159182805912 0.9445750791352446 0 
9603.411747945731 11285.76654812316 0 -4.804194642772784 0.9339804735985834 0 
9566.477906679645 11292.89925293623 0 -4.813229133728219 0.9233394610077194 0 
9529.474679033006 11299.95004927567 0 -4.822262561875267 0.9126517947562276 0 
9492.402073533587 11306.91857786052 0 -4.831294831991865 0.9019172265665308 0 
9455.260099446068 11313.80447749644 0 -4.840325847411219 0.8911355064782361 0 
9418.048766783208 11320.60738506275 0 -4.849355510001914 0.8803063828363982 0 
9380.768086317144 11327.32693549935 0 -4.858383720147746 0.8694296022797235 0 
9343.418069590911 11333.96276179359 0 -4.867410376727242 0.8585049097287273 0 
9305.998728930066 11340.51449496699 0 -4.876435377092903 0.8475320483738187 0 
9268.510077454474 11346.98176406198 0 -4.885458617050148 0.8365107596633304 0 
9230.952129090307 11353.36419612838 0 -4.894479990835935 0.8254407832915027 0 
9193.324898582134 11359.66141620997 0 -4.903499391097103 0.8143218571863911 0 
9155.628401505253 11365.87304733081 0 -4.912516708868377 0.8031537174977388 0 
9117.862654278146 11371.99871048155 0 -4.921531833550064 0.7919360985847811 0 
9080.0276741751 11378.03802460568 0 -4.930544652885433 0.7806687330039948 0 
9042.123479339056 11383.99060658556 0 -4.939555052937754 0.7693513514968063 0 
9004.150088794584 11389.8560712285 0 -4.948562918067016 0.7579836829772366 0 
8966.107522461041 11395.63403125262 0 -4.957568130906307 0.7465654545194932 0 
8927.995801165956 11401.32409727272 0 -4.966570572337845 0.7350963913455246 0 
8889.81494665856 11406.92587778597 0 -4.975570121468664 0.7235762168125133 0 
8851.564981623493 11412.43897915757 0 -4.984566655605954 0.7120046524003202 0 
8813.245929694762 11417.86300560623 0 -4.99356005023203 0.7003814176988955 0 
8774.857815469823 11423.19755918969 0 -5.002550178978954 0.6887062303956231 0 
8736.400664523906 11428.44223978997 0 -5.011536913602773 0.6769788062626411 0 
8697.874503424531 11433.59664509867 0 -5.020520123957386 0.6651988591441048 0 
8659.27935974619 11438.66037060209 0 -5.029499677968043 0.6533661009434083 0 
8620.615262085292 11443.63300956628 0 -5.038475441604437 0.641480241610377 0 
8581.882240075285 11448.51415302197 0 -5.047447278853419 0.6295409891284092 0 
8543.08032440197 11453.30338974946 0 -5.056415051691319 0.6175480495015799 0 
8504.209546819075 11458.00030626331 0 -5.065378620055842 0.6055011267417229 0 
8465.269940164004 11462.60448679704 0 -5.074337841817581 0.593399922855456 0 
8426.261538373839 11467.11551328764 0 -5.083292572751089 0.5812441378311977 0 
8387.184376501547 11471.53296536004 0 -5.092242666505548 0.569033469626136 0 
8348.038490732402 11475.85642031148 0 -5.101187974575001 0.5567676141531702 0 
8308.823918400682 11480.08545309568 0 -5.110128346268142 0.5444462652678377 0 
8269.540698006553 11484.2196363071 0 -5.119063628677678 0.5320691147552032 0 
8230.1888692332 11488.25854016488 0 -5.127993666649235 0.519635852316726 0 
8190.768472964239 11492.20173249687 0 -5.136918302749804 0.5071461655571196 0 
8151.279551301299 11496.04877872341 0 -5.145837377235736 0.4945997399711721 0 
8111.722147581931 11499.79924184112 0 -5.154750728020258 0.4819962589305732 0 
8072.096306397712 11503.45268240654 0 -5.163658190640513 0.4693354036707112 0 
8032.402073612617 11507.00865851961 0 -5.172559598224128 0.4566168532774612 0 
7992.639496381672 11510.46672580721 0 -5.181454781455275 0.4438402846739761 0 
7952.808623169851 11513.82643740641 0 -5.190343568540242 0.4310053726074608 0 
7912.909503771219 11517.08734394775 0 -5.199225785172504 0.4181117896359417 0 
7872.942189328399 11520.24899353839 0 -5.208101254497265 0.4051592061150511 0 
7832.906732352268 11523.31093174507 0 -5.216969797075492 0.3921472901848006 0 
7792.80318674193 11526.27270157714 0 -5.225831230847419 0.3790757077563611 0 
7752.631607805025 11529.13384346932 0 -5.234685371095502 0.3659441224988672 0 
7712.392052278238 11531.89389526445 0 -5.243532030406845 0.3527521958262125 0 
7672.084578348191 11534.55239219614 0 -5.25237101863506 0.3394995868838828 0 
7631.709245672566 11537.10886687124 0 -5.26120214286157 0.3261859525357954 0 
7591.266115401533 11539.56284925232 0 -5.270025207356347 0.3128109473511614 0 
7550.75525019953 11541.91386664 0 -5.278840013538059 0.2993742235913893 0 
7510.176714267296 11544.16144365512 0 -5.287646359933638 0.285875431197007 0 
7469.530573364231 11546.30510222089 0 -5.296444042137256 0.2723142177746182 0 
7428.816894831109 11548.34436154495 0 -5.305232852768679 0.2586902285839159 0 
7388.035747613051 11550.27873810124 0 -5.314012581431027 0.245003106524715 0 
7347.18720228289 11552.10774561186 0 -5.322783014667893 0.2312524921240588 0 
7306.271331064822 11553.83089502878 0 -5.331543935919841 0.2174380235233626 0 
7265.288207858397 11555.44769451547 0 -5.340295125480257 0.2035593364656151 0 
7224.237908262888 11556.95764942843 0 -5.349036360450543 0.189616064282659 0 
7183.120509601968 11558.36026229865 0 -5.357767414694658 0.175607837882524 0 
7141.936090948739 11559.65503281289 0 -5.366488058792985 0.161534285736835 0 
7100.684733151161 11560.84145779496 0 -5.375198059995507 0.1473950338683135 0 
7059.366518857796 11561.91903118685 0 -5.383897182174305 0.13318970583835 0 
7017.981532543926 11562.88724402979 0 -5.392585185775346 0.1189179227346661 0 
6976.529860538084 11563.74558444517 0 -5.401261827769553 0.104579303159092 0 
6935.011591048902 11564.49353761546 0 -5.40992686160317 0.09017346321542019 0 
6893.426814192407 11565.13058576491 0 -5.418580037147365 0.07570001649739534 0 
6851.775622019658 11565.65620814027 0 -5.427221100647114 0.06115857407680306 0 
6810.058108544785 11566.06988099136 0 -5.435849794669324 0.04654874449168175 0 
6768.27436977347 11566.37107755157 0 -5.444465858050166 0.03187013373468009 0 
6726.424503731792 11566.55926801824 0 -5.453069025841663 0.01712234524153657 0 
6684.508610495479 11566.63391953303 0 -5.461659029257464 0.002304979879703899 0 
6642.526792219641 11566.5944961621 0 -5.470235595617825 -0.01258236406285651 0 
6600.479153168842 11566.44045887627 0 -5.478798448293777 -0.02754009088874545 0 
6558.365799747693 11566.1712655311 0 -5.487347306650466 -0.0425686075020018 0 
6516.186840531815 11565.78637084686 0 -5.495881885989657 -0.05766832341881828 0 
6473.942386299262 11565.28522638841 0 -5.504401897491391 -0.07283965077807175 0 
6431.632550062433 11564.66728054501 0 -5.512907048154767 -0.08808300435164167 0 
6389.257447100406 11563.93197851011 0 -5.521397040737869 -0.1033988015545407 0 
6346.81719499172 11563.07876226094 0 -5.529871573696791 -0.1187874624548314 0 
6304.311913647694 11562.10707053817 0 -5.538330341123765 -0.1342494097833007 0 
6261.741725346148 11561.01633882534 0 -5.546773032684377 -0.1497850689429285 0 
6219.106754765672 11559.80599932839 0 -5.555199333553856 -0.1653948680180834 0 
6176.407129020359 11558.47548095495 0 -5.56360892435242 -0.1810792377834831 0 
6133.642977695019 11557.02420929368 0 -5.572001481079676 -0.1968386117128874 0 
6090.814432880953 11555.45160659354 0 -5.58037667504804 -0.2126734259874977 0 
6047.9216292122 11553.75709174288 0 -5.588734172815188 -0.2285841195040841 0 
6004.964703902307 11551.94008024864 0 -5.59707363611551 -0.2445711338828102 0 
5961.94379678166 11549.99998421534 0 -5.605394721790541 -0.260634913474729 0 
5918.859050335335 11547.93621232411 0 -5.613697081718388 -0.2767759053689671 0 
5875.710609741465 11545.74816981164 0 -5.621980362742109 -0.2929945593995706 0 
5832.498622910237 11543.43525844903 0 -5.630244206597031 -0.3092913281519787 0 
5789.223240523356 11540.9968765207 0 -5.638488249837021 -0.3256666669691577 0 
5745.88461607417 11538.4324188031 0 -5.64671212375965 -0.3421210339573256 0 
5702.482905908315 11535.74127654357 0 -5.654915454330276 -0.358654889991299 0 
5659.018269264948 11532.92283743895 0 -5.663097862105013 -0.375268698719429 0 
5615.490868318625 11529.97648561436 0 -5.671258962152554 -0.391962926568092 0 
5571.900868221738 11526.90160160176 0 -5.679398363974872 -0.4087380427457547 0 
5528.24843714756 11523.69756231864 0 -5.687515671426754 -0.4255945192465799 0 
5484.533746333969 11520.36374104655 0 -5.69561048263414 -0.4425328308535349 0 
5440.756970127733 11516.89950740972 0 -5.703682389911302 -0.4595534551410342 0 
5396.918286029479 11513.30422735357 0 -5.711730979676786 -0.4766568724770495 0 
5353.017874739322 11509.57726312329 0 -5.719755832368147 -0.4938435660246882 0 
5309.055920203099 11505.71797324233 0 -5.72775652235543 -0.5111140217432437 0 
5265.032609659343 11501.72571249094 0 -5.735732617853406 -0.5284687283886467 0 
5220.948133686877 11497.59983188469 0 -5.743683680832516 -0.545908177513347 0 
5176.802686253119 11493.33967865299 0 -5.751609266928539 -0.5634328634655866 0 
5132.596464763105 11488.94459621761 0 -5.759508925350941 -0.5810432833880217 0 
5088.329670109199 11484.41392417125 0 -5.767382198789897 -0.598739937215709 0 
5044.002506721499 11479.74699825608 0 -5.775228623321978 -0.6165233276734182 0 
4999.615182619049 11474.94315034234 0 -5.783047728314465 -0.6343939602722233 0 
4955.16790946169 11470.00170840695 0 -5.79083903632829 -0.6523523433054025 0 
4910.660902602756 11464.92199651215 0 -5.798602063019579 -0.6703989878435604 0 
4866.094381142476 11459.7033347842 0 -5.806336317039781 -0.6885344077289982 0 
4821.468567982139 11454.34503939213 0 -5.81404129993436 -0.7067591195692863 0 
4776.783689879104 11448.84642252649 0 -5.821716506040042 -0.7250736427299931 0 
4732.039977502552 11443.20679237822 0 -5.829361422380583 -0.7434784993265822 0 
4687.237665490036 11437.42545311759 0 -5.836975528561062 -0.7619742142154285 0 
4642.376992504912 11431.50170487313 0 -5.844558296660661 -0.7805613149839085 0 
4597.458201294537 11425.43484371074 0 -5.852109191123913 -0.7992403319395699 0 
4552.481538749315 11419.2241616128 0 -5.859627668650426 -0.8180117980983355 0 
4507.447255962655 11412.86894645749 0 -5.867113178083025 -0.8368762491716845 0 
4462.355608291698 11406.36848199805 0 -5.874565160294327 -0.8558342235528359 0 
4417.206855419017 11399.72204784229 0 -5.88198304807171 -0.8748862623018352 0 
4372.00126141515 11392.92891943216 0 -5.889366266000666 -0.8940329091295649 0 
4326.739094802025 11385.98836802346 0 -5.896714230346523 -0.9132747103806228 0 
4281.42062861736 11378.89966066567 0 -5.904026348934495 -0.9326122150150128 0 
4236.046140479943 11371.66206018193 0 -5.911302021028081 -0.9520459745886507 0 
4190.615912655833 11364.27482514921 0 -5.918540637205751 -0.9715765432326285 0 
4145.130232125602 11356.73720987858 0 -5.925741579235927 -0.9912044776311765 0 
4099.589390652427 11349.04846439571 0 -5.932904219950241 -1.010930336998338 0 
4053.993684851273 11341.20783442154 0 -5.940027923115024 -1.03075468305325 0 
4008.343416258994 11333.2145613531 0 -5.947112043301048 -1.050678079994048 0 
3962.638891405455 11325.06788224463 0 -5.954155925751469 -1.070701094470319 0 
3916.880421885717 11316.76702978882 0 -5.961158906247968 -1.090824295554052 0 
3871.068324433214 11308.31123229833 0 -5.968120310975065 -1.111048254709073 0 
3825.20292099397 11299.69971368756 0 -5.975039456382596 -1.131373545758902 0 
3779.284538801945 11290.93169345463 0 -5.981915649046326 -1.151800744852957 0 
3733.313510455368 11282.00638666367 0 -5.988748185526685 -1.172330430431118 0 
3687.290173994248 11272.92300392734 0 -5.995536352225606 -1.192963183186534 0 
3641.21487297894 11263.68075138973 0 -6.002279425241452 -1.213699586026674 0 
3595.087956569826 11254.27883070944 0 -6.008976670222012 -1.234540224032549 0 
3548.909779608187 11244.7164390431 0 -6.015627342215538 -1.255485684416029 0 
3502.680702698176 11234.99276902913 0 -6.022230685519838 -1.276536556475249 0 
3456.401092289957 11225.10700877194 0 -6.028785933529362 -1.297693431548014 0 
3410.071320764077 11215.05834182642 0 -6.035292308580313 -1.318956902963132 0 
3363.69176651698 11204.84594718284 0 -6.041749021793716 -1.34032756598966 0 
3317.262814047748 11194.46899925218 0 -6.048155272916492 -1.361806017783974 0 
3270.784854046108 11183.9266678518 0 -6.054510250160455 -1.383392857334576 0 
3224.258283481615 11173.21811819161 0 -6.060813130039262 -1.405088685404648 0 
3177.683505694169 11162.34251086069 0 -6.067063077203295 -1.426894104472194 0 
3131.060930485757 11151.29900181431 0 -6.07325924427244 -1.448809718667778 0 
3084.390974213489 11140.08674236153 0 -6.079400771666778 -1.470836133709764 0 
3037.674059883989 11128.70487915322 0 -6.085486787435153 -1.492973956836955 0 
2990.91061724906 11117.15255417069 0 -6.091516407081615 -1.515223796738612 0 
2944.101082902695 11105.42890471478 0 -6.09748873338973 -1.53758626348176 0 
2897.245900379499 11093.53306339562 0 -6.103402856244735 -1.560061968435664 0 
2850.345520254398 11081.4641581229 0 -6.109257852453538 -1.58265152419348 0 
2803.400400243829 11069.22131209675 0 -6.115052785562547 -1.605355544490906 0 
2756.411005308278 11056.80364379934 0 -6.120786705673322 -1.628174644121831 0 
2709.377807756242 11044.21026698707 0 -6.126458649256056 -1.651109438850868 0 
2662.301287349681 11031.44029068343 0 -6.132067638960836 -1.674160545322649 0 
2615.181931410887 11018.49281917265 0 -6.137612683426742 -1.697328580967867 0 
2568.02023493081 11005.36695199398 0 -6.143092777088715 -1.720614163905925 0 
2520.816700678947 10992.06178393682 0 -6.148506899982245 -1.744017912844097 0 
2473.571839314673 10978.57640503663 0 -6.153854017545828 -1.767540446973139 0 
2426.286169500103 10964.90990057154 0 -6.159133080421241 -1.791182385859242 0 
2378.960218014558 10951.06135105998 0 -6.164343024251577 -1.814944349332196 0 
2331.594519870497 10937.02983225908 0 -6.169482769477107 -1.838826957369729 0 
2284.189618431119 10922.81441516393 0 -6.174551221128907 -1.862830829977845 0 
2236.746065529491 10908.41416600793 0 -6.179547268620309 -1.886956587067112 0 
2189.2644215893 10893.82814626393 0 -6.184469785536141 -1.911204848324781 0 
2141.745255747272 10879.0554126465 0 -6.189317629419794 -1.93557623308258 0 
2094.189145977187 10864.09501711517 0 -6.194089641558098 -1.960071360180142 0 
2046.596679215558 10848.94600687873 0 -6.198784646764048 -1.984690847823913 0 
1998.968451489041 10833.60742440066 0 -6.203401453157356 -2.009435313441392 0 
1951.305068043449 10818.07830740571 0 -6.207938851942889 -2.03430537353067 0 
1903.607143474574 10802.3576888876 0 -6.212395617186959 -2.059301643505037 0 
1855.875301860662 10786.44459711798 0 -6.216770505591535 -2.084424737532628 0 
1808.110176896645 10770.33805565663 0 -6.221062256266357 -2.109675268370924 0 
1760.31241203017 10754.03708336294 0 -6.225269590499 -2.135053847195977 0 
1712.482660599363 10737.54069440873 0 -6.229391211522906 -2.160561083426256 0 
1664.621585972371 10720.84789829243 0 -6.233425804283413 -2.186197584540967 0 
1616.729861688772 10703.95769985472 0 -6.237372035201815 -2.211963955892667 0 
1568.808171602718 10686.86909929557 0 -6.241228551937487 -2.237860800514115 0 
1520.857210027997 10669.58109219287 0 -6.244993983148102 -2.263888718919115 0 
1472.877681884889 10652.09266952249 0 -6.248666938248002 -2.290048308897279 0 
1424.87030284888 10634.40281768006 0 -6.252246007164751 -2.316340165302539 0 
1376.835799501309 10616.51051850433 0 -6.25572976009391 -2.342764879835218 0 
1328.774909481854 10598.41474930228 0 -6.25911674725211 -2.369323040817558 0 
1280.688381642915 10580.11448287591 0 -6.262405498628453 -2.396015232962518 0 
1232.57697620597 10561.60868755088 0 -6.265594523734305 -2.422842037135663 0 
1184.441464919804 10542.89632720703 0 -6.268682311351558 -2.449804030110005 0 
1136.282631220681 10523.97636131073 0 -6.271667329279398 -2.476901784313642 0 
1088.101270394517 10504.84774494929 0 -6.27454802407968 -2.504135867569944 0 
1039.898189740936 10485.50942886729 0 -6.277322820820961 -2.53150684283023 0 
991.674208739377 10465.96035950514 0 -6.27999012282129 -2.559015267898635 0 
943.4301592171242 10446.19947903961 0 -6.282548311389811 -2.586661695149086 0 
895.1668855193295 10426.22572542668 0 -6.284995745567309 -2.614446671234147 0 
846.8852446810803 10406.03803244666 0 -6.287330761865753 -2.642370736785548 0 
798.5861066014199 10385.63532975155 0 -6.289551674006955 -2.670434426106227 0 
750.27035421938 10365.01654291492 0 -6.291656772660462 -2.698638266853707 0 
701.9388836920839 10344.18059348416 0 -6.293644325180753 -2.726982779714533 0 
653.592604574786 10323.12639903529 0 -6.295512575343912 -2.755468478069686 0 
605.2324400030216 10301.85287323043 0 -6.297259743083845 -2.784095867650659 0 
556.8593268767248 10280.35892587787 0 -6.298884024228216 -2.812865446186067 0 
508.4742160463786 10258.64346299492 0 -6.300383590234215 -2.841777703038562 0 
460.0780725012424 10236.70538687362 0 -6.301756587924294 -2.870833118831804 0 
411.67187555956 10214.54359614931 0 -6.303001139222051 -2.90003216506733 0 
363.2566190607943 10192.15698587219 0 -6.304115340888392 -2.929375303731088 0 
314.8333115599377 10169.54444758195 0 -6.305097264258149 -2.958862986889374 0 
266.4029765237929 10146.70486938558 0 -6.305944954977329 -2.988495656274008 0 
217.9666525292677 10123.63713603833 0 -6.306656432741168 -3.018273742856515 0 
169.5253934637355 10100.34012902805 0 -6.307229691033188 -3.048197666411019 0 
121.0802687273101 10076.81272666288 0 -6.307662696865452 -3.078267835065736 0 
72.63236343719574 10053.05380416251 0 -6.307953390520234 -3.108484644842712 0 
24.18277863395778 10029.06223375293 0 -6.3080996852933 -3.138848479185663 0 
-24.26736851024152 10004.83688476489 0 -6.308099467239055 -3.169359708475656 0 
-72.71694448140624 9980.376623736129 0 -6.307950594917776 -3.200018689534346 0 
-121.164799211589 9955.680314517505 0 -6.307650899145187 -3.230825765114614 0 
-169.6097658648598 9930.746818382997 0 -6.307198182744619 -3.261781263378309 0 
-218.0506606213242 9905.574994143853 0 -6.306590220302055 -3.292885497360845 0 
-266.4862824593585 9880.163698266857 0 -6.305824757924308 -3.32413876442247 0 
-314.9154129359147 9854.511784996879 0 -6.304899513000644 -3.355541345685883 0 
-363.3368159650656 9828.618106483795 0 -6.30381217396815 -3.387093505460028 0 
-411.7492375947578 9802.481512913873 0 -6.302560400081163 -3.418795490649783 0 
-460.1514057817874 9776.100852645775 0 -6.301141821185093 -3.450647530151298 0 
-508.5420301650507 9749.474972351241 0 -6.29955403749497 -3.482649834232732 0 
-556.9198018371707 9722.602717160573 0 -6.297794619379097 -3.514802593900201 0 
-605.2833931144025 9695.482930813081 0 -6.295861107148152 -3.5471059802486 0 
-653.6314573049982 9668.114455812554 0 -6.293751010850139 -3.579560143797137 0 
-701.9626284760204 9640.496133587878 0 -6.291461810071582 -3.612165213809316 0 
-750.2755212185979 9612.626804658979 0 -6.288990953745382 -3.644921297597081 0 
-798.5687304118163 9584.50530880812 0 -6.286335859965755 -3.677828479808983 0 
-846.8408309851328 9556.130485256786 0 -6.283493915810705 -3.710886821702021 0 
-895.0903776795124 9527.501172848173 0 -6.280462477172492 -3.744096360397025 0 
-943.3159048072962 9498.616210235487 0 -6.277238868596575 -3.777457108117304 0 
-991.5159260108138 9469.474436076151 0 -6.27382038312952 -3.81096905141032 0 
-1039.688934019917 9440.074689232059 0 -6.270204282176381 -3.844632150352216 0 
-1087.833400408454 9410.415808975988 0 -6.266387795368101 -3.87844633773497 0 
-1135.947775349709 9380.496635204361 0 -6.262368120439465 -3.912411518235909 0 
-1184.030487371033 9350.3160086564 0 -6.258142423118171 -3.946527567569499 0 
-1232.079943107583 9319.872771139913 0 -6.253707837025626 -3.980794331621078 0 
-1280.094527055399 9289.165765763792 0 -6.249061463590042 -4.01521162556246 0 
-1328.072601323864 9258.193837177332 0 -6.24420037197247 -4.049779232949183 0 
-1376.012505387603 9226.955831816629 0 -6.239121599006429 -4.084496904799185 0 
-1423.912555838012 9195.45059815807 0 -6.233822149151774 -4.119364358652858 0 
-1471.771046134501 9163.676986979115 0 -6.228298994463487 -4.154381277614231 0 
-1519.586246355497 9131.633851626564 0 -6.222549074576129 -4.18954730937318 0 
-1567.356402949448 9099.320048292357 0 -6.216569296704641 -4.224862065208547 0 
-1615.079738485893 9066.734436297111 0 -6.210356535662257 -4.260325118972069 0 
-1662.754451406683 9033.875878381577 0 -6.203907633896323 -4.295936006052941 0 
-1710.378715777635 9000.743241006066 0 -6.197219401542775 -4.331694222323057 0 
-1757.950681040594 8967.335394658096 0 -6.190288616500119 -4.367599223062726 0 
-1805.46847176619 8933.651214168347 0 -6.18311202452375 -4.403650421866914 0 
-1852.930187407413 8899.689579035075 0 -6.17568633934145 -4.439847189531958 0 
-1900.333902054095 8865.449373757196 0 -6.16800824279098 -4.476188852922678 0 
-1947.677664188599 8830.929488176102 0 -6.160074384980639 -4.512674693819981 0 
-1994.959496442825 8796.128817826424 0 -6.151881384473751 -4.549303947748962 0 
-2042.177395356672 8761.046264295874 0 -6.14342582849801 -4.586075802787493 0 
-2089.329331138295 8725.680735594295 0 -6.134704273180668 -4.622989398355505 0 
-2136.413247426183 8690.031146532108 0 -6.125713243810577 -4.660043823984919 0 
-2183.427061053416 8654.096419108262 0 -6.116449235128079 -4.697238118070486 0 
-2230.368661814249 8617.875482907846 0 -6.106908711643817 -4.734571266601641 0 
-2277.235912233225 8581.367275509541 0 -6.097088107987537 -4.772042201875528 0 
-2324.02664733712 8544.57074290301 0 -6.08698382928793 -4.809649801191496 0 
-2370.738674429936 8507.484839916364 0 -6.076592251584694 -4.847392885527289 0 
-2417.36977287114 8470.108530653917 0 -6.065909722273894 -4.885270218197175 0 
-2463.917693857493 8432.440788944281 0 -6.054932560587806 -4.923280503492431 0 
-2510.380160208715 8394.480598798946 0 -6.043657058110423 -4.961422385304505 0 
-2556.754866157183 8356.226954881577 0 -6.032079479329806 -4.999694445731219 0 
-2603.039477142105 8317.678862987985 0 -6.020196062228516 -5.038095203666597 0 
-2649.231629608299 8278.835340537076 0 -6.008003018913369 -5.076623113374633 0 
-2695.328930810015 8239.695417072755 0 -5.99549653628574 -5.115276563047705 0 
-2741.328958620059 8200.258134776972 0 -5.982672776753724 -5.154053873350139 0 
-2787.229261344523 8160.522548994048 0 -5.969527878987437 -5.192953295947547 0 
-2833.027357543509 8120.487728766293 0 -5.956057958718755 -5.231973012022693 0 
-2878.72073585819 8080.152757381096 0 -5.94225910958681 -5.271111130778606 0 
-2924.306854844478 8039.516732929586 0 -5.928127404030594 -5.310365687929686 0 
-2969.783142813827 7998.578768876867 0 -5.913658894229995 -5.349734644181786 0 
-3015.14699768136 7957.337994644025 0 -5.898849613096651 -5.38921588370204 0 
-3060.395786821863 7915.793556201892 0 -5.883695575315943 -5.42880721257954 0 
-3105.526846933983 7873.944616676653 0 -5.868192778441529 -5.468506357277875 0 
-3150.537483912989 7831.790356967412 0 -5.852337204043802 -5.508310963080578 0 
-3195.424972732611 7789.329976375681 0 -5.836124818913614 -5.548218592530763 0 
-3240.186557336348 7746.562693246869 0 -5.819551576322668 -5.58822672386617 0 
-3284.819450538616 7703.487745623849 0 -5.802613417341965 -5.628332749450878 0 
-3329.32083393634 7660.104391912521 0 -5.785306272219639 -5.668533974205213 0 
-3373.687857831272 7616.411911559489 0 -5.767626061819589 -5.708827614035199 0 
-3417.917641163654 7572.409605741764 0 -5.749568699122233 -5.749210794263207 0 
-3462.007271457654 7528.096798068498 0 -5.731130090788717 -5.789680548061409 0 
-3505.953804779004 7483.4728352948 0 -5.712306138789949 -5.830233814889711 0 
-3549.754265705469 7438.53708804745 0 -5.693092742101707 -5.870867438940054 0 
-3593.405647310576 7393.288951562563 0 -5.673485798467127 -5.911578167588937 0 
-3636.904911161107 7347.727846435123 0 -5.65348120622784 -5.952362649860109 0 
-3680.248987328962 7301.853219380246 0 -5.633074866224961 -5.99321743489957 0 
-3723.434774417906 7255.664544006097 0 -5.612262683771089 -6.034138970465017 0 
-3766.459139605677 7209.161321598397 0 -5.591040570694554 -6.075123601431941 0 
-3809.318918702153 7162.343081916259 0 -5.569404447456901 -6.116167568318843 0 
-3852.010916224 7115.209383999342 0 -5.547350245344765 -6.157267005833879 0 
-3894.531905486487 7067.759816986034 0 -5.524873908737065 -6.198417941445585 0 
-3936.878628713006 7019.994000942497 0 -5.501971397448491 -6.239616293980294 0 
-3979.04779716285 6971.911587702441 0 -5.478638689150181 -6.280857872248925 0 
-4021.036091277912 6923.512261717259 0 -5.454871781868341 -6.32213837370607 0 
-4062.840160848897 6874.795740916332 0 -5.430666696561579 -6.363453383144288 0 
-4104.456625201568 6825.761777577273 0 -5.406019479777601 -6.404798371426564 0 
-4145.882073403784 6776.410159205676 0 -5.380926206389811 -6.44616869426022 0 
-4187.113064493792 6726.740709424177 0 -5.355382982414307 -6.487559591015336 0 
-4228.146127730512 6676.753288870371 0 -5.329385947907618 -6.528966183591147 0 
-4268.977762866391 6626.447796103226 0 -5.302931279945446 -6.570383475333786 0 
-4309.604440443401 6575.824168517668 0 -5.276015195682596 -6.611806350008849 0 
-4350.022602112898 6524.882383266768 0 -5.248633955494055 -6.653229570832472 0 
-4390.228660979919 6473.622458191142 0 -5.220783866197172 -6.694647779564604 0 
-4430.219001972484 6422.044452755119 0 -5.192461284354687 -6.736055495668179 0 
-4469.989982236634 6370.148468989044 0 -5.163662619658225 -6.777447115538192 0 
-4509.537931557757 6317.934652437219 0 -5.134384338391702 -6.818816911804564 0 
-4548.859152808768 6265.403193110978 0 -5.104622966974039 -6.860159032712791 0 
-4587.94992242588 6212.554326446084 0 -5.074375095580214 -6.9014675015866 0 
-4626.806490912413 6159.388334264057 0 -5.043637381839752 -6.942736216376659 0 
-4665.425083371341 6105.905545736532 0 -5.01240655461136 -6.983958949299673 0 
-4703.801900067131 6052.106338352037 0 -4.980679417832347 -7.025129346572145 0 
-4741.93311701738 5997.991138884501 0 -4.94845285444129 -7.066240928243087 0 
-4779.814886614899 5943.560424362591 0 -4.915723830372086 -7.107287088130177 0 
-4817.443338280746 5888.814723039124 0 -4.882489398617442 -7.148261093863733 0 
-4854.814579148673 5833.754615359783 0 -4.848746703359603 -7.189156087042937 0 
-4891.924694781638 5778.380734930091 0 -4.814492984165836 -7.229965083508893 0 
-4928.769749920685 5722.69376947992 0 -4.779725580246072 -7.270680973738889 0 
-4965.345789266826 5666.694461824421 0 -4.744441934769751 -7.311296523366455 0 
-5001.648838296279 5610.383610820476 0 -4.708639599238745 -7.351804373831686 0 
-5037.674904109466 5553.762072317686 0 -4.672316237913014 -7.392197043166234 0 
-5073.419976314235 5496.830760102748 0 -4.635469632285282 -7.432466926917513 0 
-5108.880027943615 5439.590646836179 0 -4.598097685600855 -7.472606299216456 0 
-5144.051016408413 5382.042764980347 0 -4.56019842741849 -7.512607313993134 0 
-5178.928884485049 5324.188207717471 0 -4.521770018207723 -7.552462006344631 0 
-5213.509561338756 5266.028129856638 0 -4.482810753978159 -7.592162294059208 0 
-5247.788963582489 5207.563748728407 0 -4.443319070935556 -7.631699979301001 0 
-5281.762996371683 5148.796345065869 0 -4.403293550159568 -7.671066750459166 0 
-5315.427554534964 5089.727263870904 0 -4.362732922297613 -7.710254184165304 0 
-5348.778523740993 5030.357915264231 0 -4.321636072268999 -7.749253747482969 0 
-5381.811781701464 4970.68977531797 0 -4.280002043973265 -7.788056800272766 0 
-5414.523199410218 4910.724386869409 0 -4.237830044996413 -7.826654597736389 0 
-5446.908642418518 4850.463360314479 0 -4.195119451308323 -7.865038293142871 0 
-5478.96397214634 4789.908374379575 0 -4.151869811944469 -7.903198940739991 0 
-5510.685047229506 4729.061176870369 0 -4.108080853664841 -7.941127498853533 0 
-5542.067724902543 4667.92358539598 0 -4.063752485582484 -7.978814833177029 0 
-5573.107862416896 4606.497488067247 0 -4.018884803754141 -8.016251720254086 0 
-5603.801318494265 4544.784844167442 0 -3.973478095724905 -8.053428851155374 0 
-5634.143954814646 4482.787684793977 0 -3.927532845018775 -8.090336835351886 0 
-5664.131637538597 4420.508113469683 0 -3.881049735566735 -8.126966204785756 0 
-5693.760238863273 4357.948306721983 0 -3.834029656063636 -8.16330741813975 0 
-5723.025638611625 4295.110514628527 0 -3.786473704245098 -8.199350865305984 0 
-5751.923725854097 4231.997061327754 0 -3.738383191075416 -8.235086872054152 0 
-5780.45040056211 4168.610345492851 0 -3.689759644837229 -8.270505704899167 0 
-5808.601575292594 4104.952840767486 0 -3.640604815113548 -8.305597576167683 0 
-5836.373176902599 4041.027096161971 0 -3.590920676652732 -8.340352649262492 0 
-5863.761148293166 3976.835736408125 0 -3.540709433106618 -8.374761044123479 0 
-5890.76145018135 3912.381462271553 0 -3.489973520632222 -8.408812842883169 0 
-5917.370062899377 3847.667050819667 0 -3.438715611347043 -8.442498095714654 0 
-5943.58298821974 3782.69535564407 0 -3.38693861662813 -8.475806826869 0 
-5969.396251204992 3717.469307035918 0 -3.334645690245039 -8.508729040898837 0 
-5994.805902080938 3651.991912112701 0 -3.28184023131665 -8.54125472906434 0 
-6019.808018131844 3586.266254895148 0 -3.228525887081948 -8.573373875917241 0 
-6044.398705616146 3520.295496332963 0 -3.174706555474988 -8.605076466057975 0 
-6068.5741017012 3454.082874277898 0 -3.120386387494062 -8.636352491060601 0 
-6092.330376415357 3387.631703403139 0 -3.065569789355574 -8.667191956559497 0 
-6115.663734615765 3320.945375067573 0 -3.01026142442289 -8.697584889491393 0 
-6138.570417970074 3254.027357123856 0 -2.954466214900842 -8.727521345485652 0 
-6161.046706950215 3186.881193669259 0 -2.898189343286741 -8.756991416395199 0 
-6183.088922836382 3119.510504738068 0 -2.841436253568824 -8.785985237960022 0 
-6204.693429729215 3051.918985934662 0 -2.784212652163496 -8.814492997594513 0 
-6225.856636568136 2984.110408006381 0 -2.726524508583026 -8.842504942289402 0 
-6246.57499915377 2916.088616355248 0 -2.66837805582553 -8.870011386618621 0 
-6266.845022172268 2847.8575304878 0 -2.609779790479593 -8.897002720840744 0 
-6286.663261219297 2779.42114340246 0 -2.550736472536332 -8.923469419084247 0 
-6306.026324821473 2710.783520913631 0 -2.491255124901866 -8.949402047605346 0 
-6324.930876452842 2641.948800912246 0 -2.431343032604034 -8.974791273106618 0 
-6343.373636544098 2572.921192562143 0 -2.371007741687311 -8.999627871104211 0 
-6361.351384482104 2503.70497543204 0 -2.310257057790677 -9.023902734331045 0 
-6378.860960597225 2434.304498562935 0 -2.249099044403721 -9.047606881162856 0 
-6395.899268136056 2364.724179470681 0 -2.187542020796712 -9.070731464053738 0 
-6412.463275216969 2294.968503083763 0 -2.125594559621166 -9.093267777967338 0 
-6428.550016765947 2225.042020616479 0 -2.063265484178113 -9.115207268789563 0 
-6444.156596430181 2154.949348377489 0 -2.000563865351689 -9.136541541708462 0 
-6459.280188466792 2084.695166514302 0 -1.937499018206824 -9.157262369546498 0 
-6473.918039604153 2014.284217693915 0 -1.874080498250066 -9.177361701030419 0 
-6488.067470873194 1943.721305720214 0 -1.810318097353651 -9.196831668983608 0 
-6501.725879406097 1873.011294088889 0 -1.746221839343661 -9.215664598425674 0 
-6514.890740199832 1802.159104480453 0 -1.681801975253699 -9.233853014564026 0 
-6527.559607841967 1731.169715192358 0 -1.617068978246533 -9.251389650662036 0 
-6539.730118196183 1660.048159511277 0 -1.55203353820695 -9.268267455768372 0 
-6551.399990045044 1588.79952402648 0 -1.486706556009643 -9.284479602292269 0 
-6562.567026687475 1517.428946885792 0 -1.421099137467172 -9.300019493409362 0 
-6573.229117488563 1445.941615995291 0 -1.355222586963474 -9.314880770283054 0 
-6583.384239379278 1374.342767164287 0 -1.289088400779446 -9.329057319086438 0 
-6593.030458303749 1302.637682197266 0 -1.222708260117985 -9.342543277810053 0 
-6602.165930611861 1230.831686934335 0 -1.156094023836441 -9.355333042841092 0 
-6610.788904394932 1158.930149242061 0 -1.08925772089545 -9.36742127529992 0 
-6618.897720762323 1086.938476956686 0 -1.022211542533907 -9.37880290712018 0 
-6626.490815056942 1014.862115781609 0 -0.954967834180408 -9.389473146859226 0 
-6633.566718007641 942.7065471412997 0 -0.887539087112409 -9.399427485226004 0 
-6640.124056816619 870.4772859939756 0 -0.8199379298751294 -9.40866170031412 0 
-6646.161556180036 798.1798786051264 0 -0.7521771194726048 -9.417171862528303 0 
-6651.678039240134 725.8199002845391 0 -0.6842695323444202 -9.424954339193164 0 
-6656.672428467276 653.4029530890947 0 -0.6162281551418335 -9.432005798833712 0 
-6661.143746470421 580.9346634939801 0 -0.5480660753178781 -9.438323215117855 0 
-6665.091116734648 508.4206800350241 0 -0.4797964715465819 -9.443903870451768 0 
-6668.513764284494 435.8666709247004 0 -0.4114326039867312 -9.448745359219815 0 
-6671.411016271973 363.2783216446371 0 -0.3429878044062992 -9.452845590661468 0 
-6673.782302488244 290.6613325175293 0 -0.2744754661840881 -9.456202791378493 0 
-6675.627155798087 218.0214162611077 0 -0.2059090342052235 -9.458815507466554 0 
-6676.945212496402 145.3642955273205 0 -0.1373019946679131 -9.460682606266154 0 
-6677.736212586144 72.6957004294573 0 -0.06866786481870581 -9.461803277728846 0 
-6677.999999977193 0.02136606026845289 0 -2.018263399181357e-05 -9.46217703539544 0 
